17 8 4
16 7 4
30 7 4
29 11 4
26 11 4
42 14 4
36 18 4
32 22 4
42 30 4
31 46 4
21 64 4
28 91 4
13 113 5
6 128 5
5 145 5
1 165 6
15 168 8
7 163 8
2 152 8
15 121 12
4 111 14
0 106 17
12 79 19
9 65 23
1 64 27
13 66 27
9 68 28
4 62 31
11 67 33
5 75 35
1 74 39
8 67 44
4 62 47
20 58 52
11 59 56
9 43 57
20 38 59
13 41 62
10 43 67
23 42 70
17 35 72
14 41 72
23 37 78
17 33 78
11 38 80
20 36 77
18 36 78
27 33 75
22 26 74
18 23 78
29 26 77
21 28 81
15 26 79
24 23 80
18 26 86
11 26 89
23 19 89
19 18 89
17 14 92
30 9 94
24 11 91
23 10 89
36 7 89
34 5 89
49 4 86
49 1 77
49 0 76
65 0 74
65 0 68
65 0 63
81 0 58
81 0 52
79 0 46
95 0 37
95 0 33
92 0 30
108 0 22
108 0 19
119 0 13
119 0 10
119 0 7
127 0 4
127 0 1
112 0 1
128 0 1
128 0 1
112 0 1
128 0 1
128 0 1
112 0 1
128 0 1
128 0 1
112 0 1
128 0 1
128 0 1
128 0 1
128 0 1
112 0 1
128 0 1
128 0 1
112 0 1
128 0 1
128 0 1
112 0 0
128 0 0
128 0 0
112 0 0
128 0 0
128 0 0
128 0 0
128 0 0
128 0 0
128 0 0
128 0 0
112 0 0
128 0 0
128 0 0
112 0 0
128 0 0
128 0 0
112 0 0
128 0 0
128 0 0
112 0 0
128 0 0
128 0 0
128 0 0
128 0 0
112 0 0
128 0 0
