11 8 4
11 8 4
15 8 4
12 8 4
11 12 4
17 12 4
15 19 4
13 19 4
15 23 4
10 33 4
7 45 5
9 51 5
4 54 6
1 60 6
4 68 6
1 78 6
9 76 6
5 65 6
1 57 6
8 55 6
4 43 7
3 44 7
9 40 7
4 42 7
4 46 8
7 50 8
3 51 8
1 54 9
5 56 9
1 54 10
0 49 10
6 48 10
2 53 11
8 52 11
5 48 11
3 41 11
9 44 11
5 48 12
1 49 11
8 39 12
6 38 12
3 42 12
6 45 13
4 50 12
2 46 12
6 47 10
2 55 11
7 56 11
3 52 11
0 55 11
8 52 11
3 56 9
1 64 10
8 51 10
4 50 10
2 49 10
7 45 10
6 45 11
2 39 12
6 40 12
4 44 12
3 48 12
6 46 12
4 52 13
12 49 14
6 43 12
3 41 12
10 37 12
7 41 13
4 45 13
9 42 14
5 45 15
3 50 12
8 46 12
4 53 12
3 54 12
6 55 13
5 51 14
11 46 13
9 50 14
3 49 14
10 48 14
5 45 14
4 49 14
9 49 13
5 51 14
0 50 14
8 54 14
4 49 14
3 41 14
6 50 12
1 52 11
1 44 11
5 49 9
3 52 9
8 47 9
4 46 11
2 43 11
10 48 10
5 50 10
3 49 10
8 48 11
5 56 11
2 54 12
8 56 11
5 52 11
3 46 12
10 52 12
4 46 12
11 40 12
6 47 11
4 37 12
10 38 14
4 44 15
0 49 15
8 53 15
6 47 15
4 47 15
9 46 15
7 45 18
3 33 18
9 35 18
9 39 19
7 36 20
11 30 20
8 33 21
14 28 18
10 32 18
8 36 18
14 32 18
7 34 19
5 41 20
9 42 19
6 41 21
3 46 23
7 50 23
6 50 24
4 42 24
8 38 25
3 40 27
9 51 25
4 51 26
2 47 26
9 45 27
8 47 25
4 47 25
9 42 26
4 42 28
0 36 26
6 37 27
4 34 30
2 40 30
9 39 31
4 38 31
1 38 34
5 39 34
3 46 34
9 38 33
5 31 33
4 33 34
11 30 32
8 27 35
6 28 37
14 18 35
13 17 38
13 16 38
19 11 37
17 11 35
15 14 35
22 14 35
19 12 36
24 15 33
24 14 34
21 26 32
26 26 30
21 29 28
17 37 25
20 40 23
12 50 19
6 58 19
9 64 17
4 72 15
0 83 15
7 81 18
2 82 18
2 70 20
5 75 20
2 58 23
9 56 22
6 56 22
3 41 24
7 33 25
4 26 28
3 30 29
6 36 30
5 36 29
3 37 30
7 41 31
4 40 31
3 56 30
5 49 29
2 45 27
9 48 28
6 53 28
4 53 27
10 47 25
6 41 24
2 45 23
8 43 24
5 48 26
3 45 25
10 42 24
4 53 25
2 48 25
9 42 27
2 45 28
2 32 29
5 31 29
4 42 29
10 36 28
4 39 32
2 41 33
7 36 35
3 37 36
0 33 38
8 35 38
3 36 38
3 33 40
9 32 38
8 34 37
3 39 36
8 33 37
5 40 38
10 33 33
7 43 32
4 45 33
8 42 32
6 39 31
4 43 29
9 34 30
6 33 33
5 34 32
10 28 32
9 29 34
6 26 34
11 29 33
5 25 33
4 32 31
9 37 30
6 42 30
10 48 30
7 50 31
4 53 32
8 52 30
7 60 27
4 54 24
6 48 22
3 55 19
0 55 20
5 59 21
3 60 23
0 51 24
5 40 25
3 41 27
10 34 27
7 38 27
6 32 29
13 30 30
10 25 32
6 24 32
13 25 32
7 24 34
6 29 33
12 32 32
9 29 31
3 41 29
11 34 29
8 33 29
4 38 30
8 38 30
4 45 29
8 45 28
7 41 26
5 45 26
9 39 29
4 48 29
4 51 29
8 46 28
7 48 30
5 50 30
9 48 27
6 44 27
1 46 27
9 44 24
4 48 23
9 45 23
8 42 22
4 55 23
8 53 23
5 51 23
2 43 24
7 43 25
3 50 24
1 46 26
8 37 26
4 34 27
3 35 28
10 33 29
4 27 32
3 24 32
8 19 33
6 30 33
10 30 32
8 39 32
5 43 33
7 44 30
6 49 29
2 53 28
6 51 28
2 47 26
2 41 29
4 45 28
3 51 28
0 50 25
6 46 25
2 44 28
8 40 28
7 44 28
5 43 27
13 33 27
8 31 28
6 29 29
13 29 31
12 30 29
5 27 26
12 23 27
10 29 27
7 30 27
11 34 28
9 30 31
6 37 31
8 31 31
4 37 32
11 42 32
8 41 34
6 39 35
9 39 36
5 42 37
2 45 37
8 39 38
5 41 41
3 40 42
8 38 42
6 36 39
3 35 40
7 35 41
3 28 41
9 25 40
9 27 40
6 30 41
12 29 41
10 36 41
5 30 40
12 30 39
9 22 36
6 22 38
13 28 35
9 35 36
8 30 36
13 26 35
10 32 32
8 31 33
9 36 31
7 42 34
10 38 33
5 53 34
1 52 32
8 53 36
4 56 37
2 59 35
6 44 37
3 44 40
1 37 42
8 33 43
8 32 44
2 29 44
5 36 46
4 33 45
10 27 46
9 30 48
4 32 49
9 27 46
6 34 47
3 31 48
10 31 45
8 25 40
4 25 40
12 22 43
8 21 44
6 20 43
9 19 45
8 25 44
6 21 45
10 27 44
7 24 45
11 27 43
7 30 41
2 27 39
8 31 38
6 34 38
3 34 32
7 36 32
3 45 31
2 51 29
6 45 30
3 43 30
2 46 28
7 45 30
6 44 27
11 35 28
9 29 28
7 33 30
12 26 31
8 25 33
7 24 35
12 24 36
10 23 37
8 23 36
13 23 39
9 25 39
7 37 39
11 33 40
7 32 38
4 34 38
9 36 38
6 36 38
11 46 31
4 41 29
1 45 30
8 42 31
4 52 31
1 51 31
7 46 29
3 45 30
1 48 31
7 43 31
4 43 31
2 36 32
7 38 30
4 36 29
10 34 31
8 25 30
4 31 31
10 32 30
8 34 28
3 35 30
10 35 31
7 41 32
3 38 30
9 37 31
6 41 32
4 34 33
9 36 36
5 33 37
4 28 38
10 26 40
9 28 41
15 23 42
9 23 43
5 24 44
11 26 43
11 26 43
8 25 43
14 24 44
10 23 44
7 19 44
14 19 44
12 19 44
10 17 45
15 19 40
11 16 38
19 22 39
16 21 41
9 22 35
16 21 36
12 21 37
8 32 38
11 31 36
8 40 31
3 45 28
8 42 30
6 48 29
4 52 30
8 47 30
4 52 30
1 51 31
6 59 28
4 61 28
8 56 26
3 49 28
2 49 28
7 48 31
6 41 30
3 35 32
10 30 30
7 39 30
4 44 29
7 43 26
6 40 27
4 42 28
8 38 28
7 32 29
11 36 27
6 35 28
5 36 27
9 30 27
6 32 28
5 34 29
9 36 30
7 37 30
4 39 32
11 37 34
3 40 32
1 46 32
9 46 32
6 42 32
3 39 29
6 41 29
3 50 29
10 50 30
3 57 28
3 53 28
10 51 26
5 42 28
3 39 28
9 30 27
7 26 27
3 34 27
9 31 29
5 37 29
3 40 27
7 36 28
5 42 28
11 39 28
6 45 30
3 45 30
9 43 30
7 43 31
4 48 31
9 40 29
6 48 30
5 38 29
7 42 28
5 44 29
5 44 29
11 43 28
6 49 27
2 39 28
9 46 22
6 40 23
13 39 23
9 36 24
7 33 24
12 22 23
7 31 24
3 27 25
9 28 28
6 30 29
4 33 30
6 37 31
5 44 31
1 42 31
6 39 34
4 39 35
11 36 36
8 36 36
5 40 35
9 33 36
6 26 38
5 22 36
12 22 36
8 23 39
7 24 42
12 21 42
10 21 43
7 19 43
12 18 37
9 22 38
5 25 40
12 23 40
8 25 40
12 25 39
9 32 37
6 40 37
12 45 35
7 46 28
3 44 26
8 54 27
1 54 28
1 49 29
7 51 32
5 49 31
1 51 30
9 46 34
6 37 36
11 37 36
9 38 36
5 41 38
10 38 39
8 37 38
6 34 38
8 31 38
5 35 37
2 40 39
9 37 35
6 37 35
1 32 36
6 27 38
3 24 37
3 18 38
10 26 40
8 28 37
14 22 36
11 30 37
7 31 40
12 27 39
10 30 39
4 31 39
7 30 41
5 48 42
3 35 45
8 41 40
7 39 39
5 38 40
10 31 40
7 24 42
14 25 42
12 20 41
11 12 42
18 16 44
15 19 44
12 16 43
16 15 41
13 18 41
9 18 38
13 20 41
12 23 39
7 28 42
9 35 39
6 42 36
3 45 36
8 41 37
2 50 38
10 55 38
7 46 39
3 45 39
10 43 39
5 37 40
3 31 40
10 24 42
7 28 42
5 28 41
11 27 43
8 23 43
5 20 45
12 24 44
11 22 44
16 17 46
14 14 44
14 16 44
19 14 45
17 13 44
12 21 44
18 31 40
14 29 40
10 31 36
15 40 35
8 43 35
6 46 34
8 38 34
4 44 31
3 53 34
9 48 35
3 46 39
9 41 39
6 48 37
0 48 37
8 49 37
3 46 37
2 45 39
8 45 39
7 42 40
3 29 39
10 27 40
6 26 41
4 27 43
9 25 42
5 28 41
12 27 41
12 35 43
5 39 44
11 33 44
8 29 48
5 37 44
13 38 45
8 31 43
4 22 44
11 21 44
10 21 41
8 26 40
9 26 41
7 35 41
4 38 39
9 37 38
8 45 38
12 43 39
7 45 39
3 44 39
8 39 38
4 43 39
2 40 39
9 42 38
6 36 38
3 32 38
8 33 37
7 36 37
6 28 40
11 24 41
9 24 43
12 25 42
8 27 42
8 32 43
12 33 47
8 36 46
6 37 45
11 38 43
9 39 41
7 36 43
13 36 44
9 31 40
5 32 43
9 30 40
7 31 40
3 34 40
7 39 41
4 35 40
10 31 36
7 39 38
3 33 40
9 35 40
8 34 42
4 32 42
9 30 42
5 29 42
5 30 41
9 34 42
8 28 41
6 26 42
10 32 41
7 30 43
12 27 45
12 21 46
8 23 44
12 31 37
8 28 36
7 26 33
12 33 32
7 33 33
5 36 35
11 39 35
8 33 33
4 33 32
10 38 33
5 32 32
3 34 30
8 38 30
4 42 30
10 49 30
6 48 31
1 41 32
9 48 34
3 46 32
2 42 34
9 45 34
5 36 36
2 36 38
8 34 39
4 31 40
4 35 36
6 40 38
4 37 40
11 34 42
8 31 42
6 32 43
13 32 43
11 32 43
8 27 44
14 26 42
12 26 42
7 29 43
14 26 39
11 32 40
8 30 42
12 31 42
7 33 37
2 36 38
9 39 39
4 43 39
11 47 39
5 39 40
3 37 44
8 42 44
7 42 43
3 43 48
9 32 50
8 32 49
5 28 51
11 31 50
6 31 50
5 25 51
9 21 54
7 24 54
13 33 57
10 24 60
8 17 60
14 22 63
9 16 62
7 20 56
13 23 54
9 19 54
4 22 53
11 26 54
11 32 56
7 27 57
13 33 52
11 29 49
7 32 42
12 27 41
10 35 36
13 32 35
8 32 36
3 52 36
6 46 37
2 55 38
0 52 37
8 49 39
5 52 38
3 40 39
9 27 40
8 25 43
5 15 44
10 22 47
9 18 48
17 21 47
13 25 47
8 27 45
14 25 45
8 26 45
5 23 44
11 28 45
7 27 46
4 26 47
8 36 48
5 41 44
3 35 44
9 38 43
5 36 41
3 33 43
5 36 43
2 43 45
9 42 44
6 43 43
2 37 42
8 43 41
7 39 44
4 32 45
8 25 44
5 22 44
4 25 47
9 24 46
7 23 45
4 30 42
8 29 43
2 26 43
10 31 46
8 35 46
7 37 45
12 31 46
9 28 44
5 31 46
11 35 48
11 27 50
8 25 45
13 27 46
7 36 47
3 37 45
9 37 48
7 44 43
2 40 43
8 42 43
7 47 42
11 41 43
8 30 42
6 30 41
11 27 42
8 29 41
6 29 40
11 27 42
6 37 45
5 33 45
5 44 43
2 44 44
1 34 45
7 29 44
5 33 45
11 24 47
6 24 47
4 32 45
10 32 45
7 27 45
7 31 47
8 42 41
7 36 42
5 40 44
9 38 44
8 36 40
6 35 41
12 34 38
10 25 39
8 23 38
11 21 39
9 23 40
15 24 44
10 23 45
8 24 45
14 30 46
8 32 45
4 42 46
10 45 43
6 43 40
1 41 42
7 51 42
4 51 40
0 46 33
6 46 34
4 47 32
8 49 31
5 48 30
2 38 30
7 43 29
6 36 29
2 36 30
9 31 34
5 37 35
2 40 37
8 40 38
4 37 36
2 33 35
8 37 33
7 36 33
0 36 31
6 37 32
3 30 35
9 28 35
9 32 38
4 29 36
11 32 30
6 33 31
2 36 32
9 35 32
6 33 33
3 36 30
11 35 29
8 33 29
4 35 29
7 42 29
5 40 27
10 37 29
9 42 26
6 40 27
10 41 27
7 43 28
3 33 27
10 29 31
5 28 29
5 33 31
10 34 32
7 36 32
2 40 33
7 43 32
2 44 34
2 51 36
5 43 38
4 47 38
10 45 38
6 47 38
4 48 37
10 44 34
5 40 35
2 41 34
9 40 34
4 41 33
2 37 34
6 39 35
4 31 37
2 36 34
6 31 35
2 30 36
10 39 39
7 37 40
4 33 36
9 36 36
7 37 37
2 39 34
8 38 36
5 38 35
3 41 36
7 43 35
5 42 37
1 38 35
6 39 34
3 34 34
3 27 33
8 33 34
6 26 38
11 23 40
11 21 39
6 25 38
12 28 38
11 30 39
10 31 38
12 28 37
10 32 38
6 36 38
9 42 39
4 53 40
0 48 38
6 53 36
4 50 35
8 45 32
5 39 32
2 45 32
8 31 31
5 27 27
4 27 27
10 35 28
5 32 28
2 34 29
9 24 29
9 27 30
6 35 29
9 31 27
7 30 27
4 44 27
5 50 27
1 59 25
8 59 26
5 52 25
1 60 26
8 59 27
7 43 28
6 39 30
12 27 29
9 24 29
6 21 30
10 24 31
7 24 32
3 23 32
11 27 35
10 23 34
17 20 36
14 19 35
11 15 36
16 21 36
11 19 33
10 22 33
15 24 33
12 36 33
7 33 34
10 30 35
4 40 35
2 38 38
7 39 36
4 47 37
1 50 35
5 49 36
3 49 35
8 47 35
5 42 37
2 46 36
9 44 38
8 40 40
3 36 39
8 34 41
5 31 43
3 28 42
9 32 40
5 26 40
3 32 41
6 31 41
3 37 42
10 40 42
6 39 38
4 34 40
10 36 39
7 25 43
4 33 42
9 29 38
5 27 34
4 31 33
9 31 34
7 40 36
4 38 36
9 30 36
6 29 38
2 33 41
8 29 44
7 30 48
13 29 49
10 30 47
7 26 50
12 28 51
12 26 52
8 30 51
12 29 51
9 24 48
5 33 46
9 37 45
5 36 42
2 35 39
10 30 35
7 41 34
13 42 34
8 36 33
5 41 33
12 34 30
10 35 29
4 37 33
9 30 34
3 45 33
2 48 32
8 45 32
7 41 34
4 40 34
7 38 36
5 42 36
3 34 36
9 34 36
6 37 37
11 40 38
6 42 38
4 34 33
11 38 33
6 41 34
5 41 35
11 35 34
7 44 34
4 38 36
9 38 33
6 37 33
4 30 30
10 33 28
4 34 26
11 35 26
5 43 29
2 47 31
8 46 31
7 46 33
6 41 34
9 40 35
9 36 37
7 31 38
12 31 39
8 23 39
7 24 41
14 25 41
13 20 43
10 23 43
15 25 42
10 29 44
14 31 47
13 35 46
6 33 44
10 41 44
8 42 39
7 47 40
11 48 38
4 52 40
2 48 39
7 52 40
2 54 40
0 57 39
5 52 40
4 48 36
12 42 34
9 41 32
6 40 33
9 34 35
7 34 36
4 30 36
9 30 37
8 45 34
4 46 35
8 36 35
6 34 39
3 32 40
10 25 43
7 23 45
5 22 43
9 24 43
8 22 44
15 20 44
14 18 45
12 22 45
18 20 41
15 16 44
13 15 43
16 20 42
11 32 38
10 31 37
13 37 34
11 38 35
5 50 35
6 56 36
3 57 35
9 56 30
6 58 31
2 49 32
8 47 33
5 45 30
2 36 33
10 38 34
6 31 34
4 31 36
11 26 38
8 27 41
6 22 41
11 16 41
7 26 41
5 27 41
11 23 43
9 22 43
13 22 44
9 26 42
6 29 41
13 23 41
10 26 39
8 32 41
10 29 38
7 36 40
2 35 40
8 34 43
5 28 46
5 25 49
10 19 49
7 14 52
11 18 52
8 17 54
7 19 53
12 16 54
11 15 56
9 21 56
15 24 56
10 35 52
8 27 50
12 24 49
11 25 47
9 21 40
12 28 43
7 36 39
4 32 40
10 32 37
9 30 38
12 41 38
6 37 37
5 39 38
9 42 39
4 37 39
3 38 36
6 37 36
3 37 38
0 37 39
6 35 39
6 33 40
1 32 39
6 29 40
5 28 42
12 27 42
11 24 42
6 20 43
11 18 44
9 16 46
7 19 46
12 18 45
9 19 42
8 16 40
14 20 39
9 19 39
8 17 41
15 18 41
11 17 36
11 14 37
17 17 36
15 14 36
19 15 36
18 18 37
13 21 38
13 27 37
10 24 38
8 39 38
13 40 36
6 50 36
1 48 35
4 56 36
1 60 34
0 60 32
4 49 33
4 48 36
10 41 36
8 43 34
5 37 33
11 33 35
9 25 36
6 22 35
13 24 37
9 31 39
5 31 39
12 24 36
9 30 41
6 30 41
11 36 36
6 35 36
4 35 38
9 38 38
5 41 39
9 40 37
5 42 37
3 42 38
11 47 38
5 48 40
1 44 42
6 42 43
4 37 41
1 32 43
9 32 45
3 29 47
2 24 49
10 22 50
8 16 56
12 17 56
9 20 56
7 17 55
12 18 56
10 17 54
8 22 52
15 20 51
12 23 52
10 21 50
14 26 51
13 31 44
9 30 43
12 35 43
7 31 38
4 28 41
9 28 44
7 21 43
11 21 46
8 22 47
6 31 45
13 35 43
8 34 41
5 33 41
11 39 38
6 34 41
2 53 42
7 46 41
2 46 41
0 45 39
6 43 38
2 40 38
10 36 34
7 32 35
4 30 37
10 29 38
10 25 38
7 25 39
12 20 42
11 17 40
9 20 40
14 26 41
11 20 43
7 26 44
10 25 41
10 24 42
7 32 43
10 29 41
9 33 42
12 35 42
7 36 45
4 35 46
11 41 42
7 38 45
3 38 42
9 38 41
5 40 39
4 40 42
8 35 44
4 38 44
2 35 40
7 36 41
4 30 42
10 28 42
7 27 41
4 29 41
10 29 41
5 29 39
3 28 45
8 33 47
5 31 47
3 28 46
8 23 44
8 29 44
3 32 46
9 32 48
7 29 46
5 31 47
9 34 48
6 31 49
11 29 51
9 25 50
8 23 44
10 31 45
9 33 46
5 28 46
9 30 47
7 35 47
4 33 52
8 38 49
6 38 47
2 32 44
10 29 46
4 30 47
11 23 47
6 31 46
3 27 48
9 28 45
8 30 43
4 33 43
11 27 45
9 29 44
5 27 39
10 25 39
8 33 41
4 26 39
10 27 36
7 28 36
6 30 35
10 27 36
7 27 34
12 26 34
9 34 36
6 38 37
10 33 35
5 42 35
4 39 37
9 37 36
7 47 36
2 43 37
7 45 36
5 49 37
0 46 38
7 42 40
4 37 42
9 37 43
7 33 45
6 28 45
10 25 45
7 16 48
7 20 47
11 23 48
9 27 46
5 34 44
9 43 43
6 39 39
3 40 40
10 40 38
7 35 39
3 36 40
8 36 37
6 37 40
11 34 42
6 43 38
4 42 40
12 35 41
5 33 43
2 35 42
7 37 44
5 33 45
2 35 48
8 37 49
3 36 45
1 34 46
6 37 44
3 35 43
10 39 42
6 33 45
3 27 46
8 25 48
5 28 46
3 27 47
9 28 44
7 26 42
5 22 44
11 25 45
6 35 47
4 33 45
11 33 45
7 36 43
3 36 38
7 35 38
5 43 36
11 33 36
9 28 36
8 30 35
13 35 33
9 33 34
4 31 34
9 46 29
4 44 31
1 42 33
6 45 34
5 45 35
4 48 37
6 45 37
2 37 36
9 34 37
6 36 39
3 34 39
8 37 40
3 29 40
1 33 41
9 28 41
6 28 41
4 24 44
11 18 45
10 16 46
7 13 49
13 14 50
11 13 48
10 14 49
15 19 50
8 18 50
13 23 50
10 26 51
6 34 48
10 36 43
5 38 44
3 35 40
10 36 41
6 34 40
3 33 37
9 29 38
6 36 36
6 35 37
11 37 37
7 40 38
12 35 42
7 42 44
4 43 44
9 39 42
5 35 43
1 36 39
6 40 38
4 44 37
1 40 40
6 40 38
3 37 40
2 37 39
7 44 36
4 38 36
3 35 36
6 40 36
2 31 37
10 37 39
5 40 40
2 34 42
8 33 43
6 27 44
5 20 43
9 22 47
6 18 50
5 19 51
9 17 53
8 13 54
8 12 54
12 19 56
10 17 55
16 17 56
12 13 59
10 20 56
15 16 53
12 15 55
8 20 54
15 21 49
13 19 43
8 27 43
14 29 41
8 32 39
3 33 38
8 33 40
3 36 42
1 45 44
8 38 41
6 37 43
10 34 45
5 36 42
3 36 41
10 33 43
5 30 43
3 32 42
8 34 42
6 31 44
6 30 44
9 29 42
5 25 42
5 27 40
9 26 41
5 21 38
12 24 40
8 25 37
6 19 38
11 21 38
8 24 40
5 27 43
12 29 42
10 30 40
7 29 40
11 33 42
7 35 41
5 43 40
9 40 38
4 42 39
3 42 36
7 41 39
3 41 35
9 35 37
7 27 32
3 34 31
9 34 31
5 32 32
4 29 33
10 29 33
6 31 35
3 31 35
9 31 36
4 35 37
1 40 38
3 37 37
1 38 37
9 39 40
7 41 40
4 36 43
9 33 43
8 27 45
4 26 45
12 25 46
7 20 49
7 17 49
13 19 52
9 20 49
5 22 47
11 29 47
7 35 47
5 38 43
11 36 42
7 40 38
12 37 37
11 36 36
6 34 38
11 36 37
7 46 34
3 51 28
9 52 27
6 51 26
1 53 27
6 51 28
2 55 29
1 46 29
8 33 30
4 36 31
10 34 31
4 35 29
3 31 26
10 30 27
7 31 28
4 34 28
9 28 29
9 31 30
7 32 30
11 28 30
8 29 30
8 36 31
11 41 29
4 41 27
2 40 29
7 49 30
5 48 31
9 49 29
5 53 27
0 50 27
7 57 25
5 53 25
3 46 26
7 43 27
3 52 28
3 48 28
7 44 31
3 45 31
3 48 32
5 45 32
4 43 30
9 41 33
7 42 33
6 37 34
9 32 35
6 29 36
5 30 38
11 36 37
8 38 36
4 38 36
10 38 33
5 43 34
3 47 33
9 45 32
3 37 33
1 46 29
5 49 31
1 44 31
9 38 33
7 34 34
5 32 34
9 28 36
5 32 38
3 33 38
9 30 40
7 29 41
6 25 43
12 22 46
11 20 47
8 18 48
12 20 50
9 25 50
16 23 47
11 17 51
8 26 52
13 22 49
11 27 49
10 26 47
16 30 48
13 28 44
12 27 42
18 30 38
16 28 35
13 23 36
20 25 37
18 20 36
17 23 35
21 22 36
17 20 37
22 27 37
18 36 33
16 31 33
21 43 31
12 47 34
10 50 35
11 58 34
9 57 33
2 50 33
7 56 31
3 63 29
0 69 32
5 59 34
2 51 36
9 56 36
7 53 36
3 45 38
11 41 37
7 35 35
4 36 36
11 34 35
5 30 36
1 39 37
8 41 37
6 30 40
5 28 40
9 34 40
9 34 37
7 25 39
11 21 39
9 21 38
13 24 40
9 33 41
6 28 42
14 25 42
9 29 44
5 30 43
11 34 44
7 26 42
5 28 44
11 28 47
7 27 46
4 29 44
9 31 46
6 28 45
10 32 46
8 31 48
6 34 46
11 32 49
7 32 49
3 35 47
9 32 50
6 32 49
3 31 49
8 33 49
8 30 50
6 26 50
9 25 50
7 26 52
6 19 52
12 26 47
8 27 46
11 24 44
8 35 44
7 33 39
11 32 40
7 33 39
2 29 39
7 31 39
3 35 40
2 40 40
8 46 38
2 43 35
0 45 36
4 49 36
3 47 39
9 41 41
5 29 40
2 37 42
9 37 40
6 47 40
3 42 37
10 36 37
5 37 36
3 34 38
10 35 38
5 31 37
4 28 39
7 36 41
4 39 40
0 36 38
7 38 40
6 35 40
9 37 41
8 38 40
5 33 42
10 36 43
7 35 45
5 32 46
10 27 48
7 22 48
6 24 48
11 20 49
11 21 49
5 18 48
9 22 46
8 27 46
14 27 49
12 24 49
7 33 49
13 31 49
10 29 50
8 30 47
13 24 46
11 23 48
8 19 43
12 24 41
8 24 40
5 29 43
10 27 44
7 33 44
5 29 45
7 35 45
3 37 43
9 36 46
7 39 45
4 47 46
10 40 43
5 46 44
3 43 42
7 40 43
4 38 42
3 34 42
8 28 44
8 29 42
6 26 42
11 22 44
7 23 44
13 23 42
8 23 42
7 29 42
12 30 44
10 35 44
7 29 46
12 30 44
8 30 46
5 37 46
11 31 45
7 39 44
3 45 44
7 45 40
3 43 42
3 37 46
8 32 46
5 26 46
12 23 48
9 24 50
6 25 46
13 21 46
10 16 46
8 17 49
14 17 47
12 18 49
10 13 50
15 16 49
13 19 48
8 26 47
12 26 48
8 37 48
14 36 45
11 33 44
5 40 47
10 39 48
8 32 49
3 39 49
7 37 53
3 35 53
1 41 50
8 35 51
6 34 53
4 39 55
10 31 59
6 32 60
4 30 62
8 23 62
6 21 64
11 24 65
7 27 61
4 28 58
10 27 57
8 28 59
6 28 62
10 21 61
6 21 63
5 19 62
11 24 59
6 19 62
5 18 59
12 13 58
11 12 50
15 14 50
13 13 51
10 15 51
17 21 50
11 20 48
8 23 46
13 24 41
13 31 39
8 34 38
9 35 35
5 42 33
5 46 31
9 42 29
8 36 27
5 40 28
7 37 30
4 36 33
11 34 33
7 35 32
5 38 32
10 38 33
4 34 37
3 34 37
10 25 39
7 29 40
3 31 40
7 30 40
5 32 40
1 42 42
6 42 40
4 43 36
9 40 37
7 38 40
3 35 42
7 33 45
5 34 40
1 32 43
9 33 42
5 30 45
4 36 45
9 37 48
3 42 49
2 40 50
8 35 52
4 30 54
3 32 54
8 24 57
4 24 58
11 18 58
8 15 58
6 18 58
14 25 59
10 19 58
7 20 59
12 17 54
9 23 50
6 22 49
10 25 47
9 26 46
5 24 44
10 29 42
6 27 40
12 30 41
9 33 42
3 35 40
10 41 38
6 40 38
3 33 37
10 40 39
10 36 40
3 35 40
9 34 40
6 39 41
3 39 41
9 36 37
7 47 39
3 43 40
8 41 40
6 42 40
14 39 42
9 30 42
6 29 42
12 31 41
8 36 40
2 32 40
8 30 39
5 34 39
4 37 40
6 33 42
5 35 44
3 34 43
7 31 42
4 29 43
10 36 44
5 33 41
3 29 43
9 31 46
7 27 49
2 33 50
9 35 49
7 31 47
5 36 48
8 37 48
2 35 47
1 40 48
5 39 44
4 38 46
3 42 44
6 37 43
4 35 42
11 37 38
6 31 37
2 29 40
9 25 42
6 30 43
3 35 41
10 29 39
7 30 38
5 37 38
8 31 39
6 28 37
3 32 38
7 33 39
4 31 40
9 29 39
8 30 38
6 31 40
13 28 38
11 23 41
7 16 44
11 12 45
11 10 43
8 8 43
15 11 41
12 15 41
9 13 42
15 16 42
14 22 43
11 22 43
15 28 39
11 27 39
13 28 39
11 41 34
5 43 33
10 42 33
5 53 34
1 58 34
7 56 34
5 59 36
3 51 36
10 44 35
4 43 37
3 44 38
9 38 39
4 34 42
12 32 43
7 34 44
3 32 43
10 27 45
9 20 45
6 17 45
11 15 47
9 15 46
7 12 46
14 9 47
13 7 47
12 3 49
19 2 49
19 2 46
19 5 44
26 5 44
24 4 42
30 8 39
26 8 37
25 8 33
31 9 32
31 9 33
28 8 29
33 15 21
30 14 20
24 17 16
28 29 13
20 37 14
14 41 16
15 55 16
5 62 16
9 78 17
6 91 19
2 84 20
9 78 21
3 80 20
2 69 21
7 68 22
2 70 22
1 51 22
7 48 23
2 53 23
2 45 29
6 47 29
3 38 29
1 38 31
9 34 32
6 29 33
11 23 32
8 34 32
5 29 30
12 33 31
9 26 31
5 30 31
12 33 31
6 39 28
5 30 25
9 26 27
5 37 28
2 36 29
6 36 28
5 31 28
10 35 29
7 41 31
2 43 31
10 40 33
7 34 34
3 32 35
7 35 38
3 30 40
2 26 41
7 32 39
5 28 37
2 30 35
8 31 36
4 32 39
3 36 41
6 36 39
3 41 37
10 41 38
6 36 39
1 37 41
8 32 43
4 37 41
2 37 39
8 37 39
5 35 40
4 32 41
9 35 41
6 34 42
5 28 41
11 36 43
7 28 42
12 31 42
8 29 37
4 29 33
12 38 32
7 35 33
7 30 33
14 31 33
9 31 34
6 34 36
11 29 35
9 27 33
3 33 34
9 37 37
7 27 35
3 28 38
5 33 38
4 30 41
11 28 44
8 25 45
4 22 45
10 32 47
7 28 47
6 31 49
11 27 52
5 24 53
4 31 54
9 27 56
9 22 56
5 25 54
10 24 54
7 26 53
13 26 49
8 28 50
7 37 53
11 40 47
9 40 46
7 40 41
12 37 38
11 35 38
10 34 39
16 32 36
10 34 38
4 38 38
10 36 38
2 46 38
1 52 39
6 54 41
3 47 37
8 41 39
8 39 39
3 38 41
10 30 42
4 24 40
2 25 43
9 28 43
8 27 42
5 25 45
11 25 45
6 23 45
4 19 47
12 25 49
6 29 43
11 34 45
9 28 47
8 25 50
11 24 52
7 30 53
5 27 52
12 29 52
9 25 52
6 31 50
12 26 55
8 24 55
7 26 54
11 21 50
8 24 53
5 24 49
10 29 48
7 26 46
12 32 45
10 33 41
8 40 42
14 36 42
9 36 39
8 34 39
14 31 37
12 21 39
10 21 40
17 16 39
16 20 38
12 21 40
19 24 41
15 23 41
18 25 42
11 32 43
8 38 41
11 47 41
10 45 38
3 49 37
6 57 31
4 56 30
1 64 33
4 56 34
2 52 34
1 54 34
6 48 36
2 44 38
1 39 39
7 27 39
5 33 40
10 23 43
9 21 44
6 26 44
11 21 42
6 20 39
5 26 39
10 32 39
7 32 42
3 34 41
9 40 41
7 32 42
5 36 41
6 30 42
4 26 42
10 34 44
7 37 46
3 41 47
9 40 45
7 38 48
5 34 48
9 34 52
8 39 51
2 39 52
9 32 53
6 33 52
4 33 52
11 31 50
9 25 49
6 21 50
12 20 50
9 30 51
12 29 53
8 33 49
3 31 50
8 27 51
8 23 53
7 20 52
13 13 51
12 12 50
10 11 53
18 10 52
16 11 51
11 13 49
17 10 51
16 13 50
24 11 47
21 14 44
19 11 46
26 12 47
21 13 38
15 16 41
22 16 39
17 14 39
17 13 38
23 17 36
18 20 35
14 32 36
17 33 34
11 41 35
6 44 35
6 52 37
3 62 36
10 70 37
4 67 37
1 65 37
7 57 40
7 45 43
3 42 44
8 35 45
8 27 42
3 22 43
7 18 45
6 15 46
3 18 47
8 20 44
7 21 45
13 17 45
10 20 42
8 26 43
13 31 37
8 31 35
6 27 36
11 32 35
8 33 38
4 29 37
8 29 37
5 29 37
3 28 36
9 35 31
6 39 31
2 37 33
6 43 35
4 41 33
8 40 34
4 41 33
3 43 33
10 44 34
6 47 32
4 43 33
8 48 33
5 45 33
3 43 36
8 39 36
4 40 37
4 38 38
10 30 35
5 29 36
10 38 36
8 34 35
4 35 36
10 27 40
6 31 39
3 32 38
10 26 43
8 29 40
6 31 40
13 28 42
8 25 43
5 27 42
13 22 41
10 24 43
6 23 39
10 24 39
8 38 38
13 43 38
8 42 38
3 46 36
9 45 33
6 43 36
3 41 39
7 37 35
3 37 34
0 44 34
6 41 35
4 49 37
0 49 36
7 47 38
3 42 39
9 43 37
7 36 39
1 34 42
9 34 41
7 30 36
3 29 37
8 26 38
4 39 39
4 41 40
8 37 40
2 39 39
1 36 41
7 45 42
1 42 44
0 32 46
6 34 45
3 29 45
10 23 45
5 29 44
2 24 43
9 23 42
7 28 45
5 32 45
12 33 41
7 34 42
3 39 40
7 47 40
3 46 40
2 38 39
8 33 36
5 34 39
12 32 42
9 29 41
8 22 43
12 22 41
7 38 41
6 38 43
13 35 41
7 32 41
3 40 43
9 36 40
4 39 42
3 33 44
10 33 41
6 30 41
4 34 39
9 35 39
6 31 41
13 27 44
10 32 46
6 22 45
13 18 46
10 23 43
7 21 42
13 22 40
11 19 42
9 16 42
16 20 43
10 24 43
9 16 45
16 20 46
11 27 47
15 27 46
11 34 46
8 36 44
11 33 44
11 34 46
7 36 47
11 37 44
8 33 41
5 27 41
11 25 40
10 31 42
8 28 40
13 34 38
9 32 39
5 27 41
10 30 40
6 32 37
13 37 39
10 35 36
5 46 36
8 48 36
4 51 36
1 46 34
7 45 28
3 56 28
2 62 29
7 43 30
5 40 33
3 32 32
8 42 34
5 40 34
11 33 35
6 34 37
4 25 40
9 20 41
7 27 43
7 30 45
12 24 46
11 20 46
11 18 46
16 20 45
13 17 44
10 9 44
17 11 46
15 15 46
14 13 46
16 15 46
13 18 45
17 23 44
15 26 43
12 25 39
18 36 35
10 37 33
6 47 33
9 50 35
6 52 35
1 55 37
6 57 38
4 54 36
1 57 39
9 51 38
3 39 42
10 31 44
8 23 46
6 20 47
11 19 46
9 21 46
7 19 47
15 15 47
12 14 46
9 17 46
14 20 46
12 21 48
10 24 44
15 28 42
11 29 39
10 23 34
14 23 35
12 26 33
17 33 34
12 33 33
10 35 34
12 37 34
7 48 33
4 48 36
8 41 37
6 32 39
3 29 41
10 27 41
8 30 41
5 25 42
11 25 43
9 28 45
13 31 46
11 30 46
7 28 46
11 30 48
7 40 47
4 44 44
9 42 44
6 48 43
1 58 39
7 53 40
4 48 42
3 44 39
9 36 38
4 50 36
3 39 36
8 33 37
7 28 37
13 23 38
7 22 41
4 23 41
10 18 41
6 21 42
4 22 44
10 21 44
7 23 44
4 24 44
10 24 46
6 25 46
4 27 44
10 33 43
5 29 43
11 31 37
6 35 37
3 37 37
9 41 39
6 34 36
3 26 39
10 30 40
4 32 39
3 32 38
11 31 38
7 28 36
4 25 38
9 30 39
6 30 38
5 39 38
10 34 36
7 34 38
10 34 37
8 37 35
4 41 35
9 42 35
6 34 35
2 36 34
10 37 34
8 38 34
2 31 35
8 26 34
6 32 32
6 35 33
11 30 33
9 26 32
14 23 35
11 25 34
5 22 36
13 16 38
11 13 39
8 21 40
13 18 37
11 29 36
7 31 36
12 37 36
10 36 35
8 37 35
12 35 35
9 46 35
4 43 35
8 46 37
4 39 34
10 45 34
6 42 36
0 45 36
8 47 36
4 43 36
2 43 37
7 41 34
5 43 35
3 38 35
10 28 38
5 24 40
3 20 39
10 28 41
8 23 42
13 22 40
11 24 41
7 25 43
13 26 45
9 27 45
8 25 44
12 28 44
9 24 44
4 23 46
9 23 44
6 30 43
5 24 41
10 29 43
7 25 44
6 23 45
8 26 44
6 24 44
11 25 44
11 31 45
8 26 46
14 22 46
13 26 47
10 24 45
10 34 44
8 28 44
6 36 41
9 35 43
5 32 42
3 41 43
8 42 43
4 38 41
11 33 41
7 31 42
3 32 43
9 43 41
4 39 40
3 34 40
10 41 40
7 39 39
5 41 39
11 38 37
6 34 37
3 36 35
7 42 36
3 42 33
2 44 33
7 45 33
6 48 32
11 44 36
6 47 34
5 41 35
12 36 37
10 36 35
7 37 37
11 30 38
7 36 34
4 26 33
7 26 33
7 28 35
7 33 35
11 26 37
4 29 36
11 32 34
7 43 34
5 41 35
11 38 33
9 36 35
4 37 37
11 38 39
11 40 37
7 28 39
13 27 40
8 28 38
8 32 38
12 30 37
7 32 37
7 38 37
11 41 38
9 41 40
14 35 40
9 41 39
6 50 39
10 44 40
5 36 41
2 42 38
9 43 38
5 40 39
4 38 39
10 31 43
7 25 43
3 28 42
11 18 46
9 21 42
14 28 41
11 30 41
7 31 42
14 33 40
11 26 39
6 34 36
14 32 36
11 28 38
7 23 35
14 22 34
9 23 35
6 30 34
11 30 30
7 36 28
6 40 31
11 39 31
8 40 32
12 38 31
8 38 32
5 36 31
10 41 32
5 39 31
3 40 30
9 35 30
7 34 30
5 28 33
11 22 34
7 20 36
6 18 37
12 21 38
10 19 38
14 30 39
8 31 40
5 42 41
8 44 37
4 47 39
3 54 39
10 51 40
5 47 38
3 50 35
10 37 38
7 34 35
5 30 33
11 33 31
6 39 32
3 38 32
8 35 31
4 39 32
10 41 35
6 40 31
3 38 34
10 35 35
4 38 35
2 42 35
8 38 35
3 36 37
1 42 37
6 41 38
5 45 36
3 45 35
7 39 37
7 40 37
11 37 35
10 38 36
5 31 37
13 26 36
10 25 36
6 28 36
9 31 36
8 35 35
5 41 35
11 42 34
7 43 34
4 43 38
9 39 37
5 42 37
4 32 37
8 30 38
6 38 38
11 35 39
7 35 39
6 43 39
10 39 36
4 50 32
3 48 33
8 40 35
6 38 35
5 35 32
8 28 33
6 33 37
3 26 37
10 31 39
5 33 40
12 31 42
10 31 42
4 35 43
9 33 41
6 36 41
4 37 42
10 41 43
6 43 41
3 40 41
8 40 42
6 48 40
5 42 37
8 44 34
4 39 34
0 45 35
4 43 38
2 42 40
7 37 41
4 42 41
2 35 41
8 39 37
4 41 39
3 38 40
9 39 41
7 32 42
2 33 42
6 42 42
3 44 44
2 37 45
8 35 46
3 31 44
9 27 42
7 27 43
6 21 43
13 20 45
11 24 43
7 27 41
12 17 43
9 18 43
9 22 42
13 26 41
10 25 41
8 33 37
13 29 35
11 36 32
7 39 28
9 48 26
4 55 27
9 62 25
5 53 26
4 58 26
9 56 24
6 54 25
2 46 23
6 44 23
5 37 25
2 32 25
5 35 26
4 37 27
4 39 25
5 39 25
4 42 26
10 40 26
8 41 26
2 41 27
9 40 29
7 39 29
3 40 30
9 32 31
7 33 30
3 34 32
8 31 32
5 37 33
2 31 34
9 33 34
5 35 33
5 32 35
10 29 35
9 24 38
14 14 40
12 13 41
11 14 42
19 16 39
15 14 40
13 15 40
19 13 39
17 12 41
14 14 42
21 21 40
18 20 40
13 20 38
16 30 38
15 27 32
18 35 33
12 39 30
9 44 31
16 46 31
8 51 31
4 45 30
11 56 30
7 53 29
3 51 31
7 52 32
3 55 37
2 57 37
8 53 38
4 37 38
3 37 42
8 35 43
4 35 46
10 31 46
8 30 49
5 24 51
12 20 51
8 23 49
6 23 49
10 23 52
8 25 49
5 28 50
13 26 51
9 22 50
8 26 49
16 23 50
12 16 50
18 12 48
17 10 47
15 13 45
20 13 43
19 15 44
17 17 42
23 17 38
21 24 38
18 24 38
23 26 38
18 27 38
14 30 33
19 26 34
11 41 30
8 40 29
7 47 28
5 58 29
8 64 29
4 66 29
2 74 30
8 65 29
3 63 30
1 64 32
7 49 33
4 35 33
0 37 36
5 43 37
2 47 38
0 46 37
6 41 37
3 45 40
8 43 39
6 30 40
4 37 42
10 35 44
7 31 42
4 38 40
8 43 40
3 39 40
3 26 42
5 35 42
3 33 43
3 31 42
7 21 41
5 14 43
3 18 43
10 17 41
7 13 40
14 16 39
11 18 40
7 20 41
14 22 39
8 21 40
6 32 41
13 30 36
10 30 35
6 32 35
12 28 36
11 23 33
9 26 31
13 27 32
8 39 32
13 37 32
10 37 31
5 43 33
9 51 34
5 45 34
3 52 34
11 40 37
4 37 38
3 40 41
9 39 39
5 35 38
1 38 37
7 31 38
5 33 41
3 30 45
9 21 47
7 23 47
14 26 47
13 21 47
10 19 49
15 19 45
11 15 45
9 18 40
16 21 40
13 24 41
9 22 42
14 29 39
11 35 37
9 29 31
9 31 30
8 45 28
11 45 29
6 51 30
1 55 30
4 51 33
2 57 36
1 53 36
6 46 39
4 51 41
2 40 43
8 36 46
6 32 47
5 28 47
11 30 47
8 29 46
6 17 47
12 21 42
11 21 43
18 24 38
11 27 39
9 28 38
13 31 32
8 29 31
6 36 30
11 38 24
7 41 22
5 45 23
10 44 25
3 45 26
1 46 25
7 52 25
4 52 25
9 49 24
5 44 26
3 47 27
9 39 28
5 34 29
3 27 31
11 29 31
6 32 32
4 26 33
9 23 33
4 24 35
2 27 35
7 25 37
6 30 37
4 32 36
9 28 37
5 32 36
10 31 40
7 30 40
7 33 37
10 30 35
5 40 36
2 40 35
8 45 35
3 45 34
1 48 34
7 42 34
3 41 37
2 39 39
8 34 41
2 34 41
8 33 43
5 31 42
4 34 43
8 29 44
6 30 44
6 28 43
10 27 44
5 33 43
4 29 46
10 26 46
8 32 41
5 23 40
11 24 43
9 25 43
8 23 38
15 28 38
13 31 37
18 27 39
14 27 40
12 23 38
19 22 37
16 26 37
15 20 35
20 19 36
15 20 38
10 26 36
15 25 33
10 34 31
5 36 34
11 46 32
8 45 31
12 44 32
6 55 30
3 62 32
6 53 33
3 53 34
0 45 35
6 42 35
5 41 37
2 34 39
8 33 38
4 36 39
2 31 38
7 40 38
3 40 39
3 33 38
8 34 39
5 23 42
11 25 43
9 24 45
7 23 48
11 25 48
6 23 48
4 28 48
9 29 45
5 26 46
2 36 46
7 40 49
3 38 46
1 34 46
6 29 46
4 29 45
11 29 44
8 33 41
6 33 42
12 34 43
7 32 44
4 30 44
10 38 44
5 39 46
3 38 47
9 29 47
6 28 47
3 31 41
10 32 42
4 29 43
3 27 43
9 31 42
5 38 40
10 35 37
8 32 36
3 37 37
10 37 36
8 32 37
6 36 37
10 33 38
8 34 38
5 35 39
11 38 43
7 36 41
1 37 39
6 43 41
3 47 41
9 39 42
6 38 43
3 34 44
10 29 48
9 25 46
5 17 47
10 19 46
7 15 45
7 16 45
12 18 41
9 20 42
7 18 41
13 20 41
11 18 44
6 21 44
10 20 41
6 22 41
14 23 36
9 26 32
6 29 33
13 36 33
8 37 31
4 37 31
10 38 31
4 42 34
0 44 33
5 45 35
1 42 33
1 43 34
7 49 34
4 41 36
9 41 37
6 36 36
3 35 39
10 38 41
5 34 42
3 27 43
9 25 47
6 28 47
5 27 45
12 22 48
10 24 48
7 19 50
15 15 49
12 19 47
11 14 47
17 14 47
15 18 50
19 19 52
16 19 51
11 21 51
17 22 50
13 20 47
10 24 49
17 18 45
13 25 47
10 26 45
10 22 46
9 20 48
6 33 49
11 30 50
7 29 50
11 36 48
9 30 50
9 30 50
10 30 52
8 25 53
5 24 50
11 28 49
9 23 50
7 23 49
12 17 49
9 24 50
7 29 52
13 23 54
10 20 54
7 21 51
11 24 48
10 27 45
15 32 42
11 29 43
7 29 44
12 35 42
9 36 41
7 41 41
11 37 42
7 34 43
2 35 41
8 39 44
4 37 42
2 31 47
5 33 48
3 42 49
10 39 51
6 30 49
3 34 48
11 27 49
10 29 51
5 23 53
11 26 52
8 23 51
7 23 51
12 19 52
11 15 54
11 18 48
15 17 46
14 18 46
11 21 44
16 20 40
13 17 37
18 28 37
14 28 35
12 31 35
15 33 33
10 28 34
7 39 35
11 46 36
8 44 35
4 39 34
7 44 36
5 40 36
3 43 39
8 42 40
6 34 38
12 36 40
8 37 43
4 36 44
10 35 44
7 37 45
1 34 42
7 38 44
6 35 43
3 37 42
9 40 44
4 38 44
2 38 42
6 36 43
4 34 47
4 34 45
8 36 45
4 30 45
8 35 47
7 30 46
3 39 46
10 38 42
7 31 42
2 32 42
8 23 40
2 24 42
2 26 43
9 21 43
6 22 42
4 23 41
7 21 42
4 28 42
11 31 42
6 26 44
5 28 44
13 28 43
10 30 43
5 25 47
11 23 46
9 26 43
6 33 42
12 33 38
7 31 38
3 29 39
9 32 39
4 34 41
3 31 41
10 27 40
10 27 41
15 17 44
11 19 47
10 21 44
16 17 44
14 21 45
9 22 44
13 25 44
8 36 43
6 30 42
13 24 43
10 22 38
8 26 40
10 19 44
6 22 45
14 28 40
10 25 41
8 20 42
15 23 43
13 20 43
9 27 43
13 30 44
9 28 46
6 30 47
10 26 44
10 21 43
7 30 42
13 27 43
9 21 42
7 26 43
12 35 43
9 30 43
14 28 43
8 25 42
4 31 43
11 37 41
6 31 41
4 35 45
10 43 44
4 40 44
0 44 46
7 44 41
4 40 43
3 42 44
8 38 45
5 27 44
10 30 44
8 27 48
7 29 49
11 24 48
8 23 49
8 18 48
15 17 46
13 27 48
11 23 47
16 16 48
15 14 48
13 13 50
19 18 49
16 18 46
13 17 44
18 18 40
10 20 42
18 23 42
16 24 40
13 27 40
17 29 40
12 35 36
9 43 37
13 42 33
7 46 34
6 46 32
8 48 33
5 54 34
3 46 37
8 48 37
6 50 34
11 45 34
8 46 35
3 45 36
9 39 37
7 40 38
3 40 39
9 40 38
5 41 40
2 37 41
7 27 43
5 29 45
4 28 44
7 35 44
5 28 44
3 22 45
9 24 44
6 22 46
12 29 47
8 28 49
5 26 49
11 33 49
6 31 48
3 40 46
9 42 45
6 35 43
5 36 41
10 32 43
7 28 43
4 21 43
10 27 44
7 19 44
13 15 44
11 16 43
10 19 45
13 18 47
11 19 48
7 15 51
14 18 51
11 22 51
8 31 50
12 27 49
9 27 49
5 29 44
13 34 44
11 32 42
6 32 41
7 41 42
4 40 43
10 37 40
5 37 36
3 38 34
8 45 37
4 46 37
1 45 38
7 51 34
3 57 33
1 56 31
6 55 27
2 50 28
2 42 28
7 48 30
4 44 31
10 35 33
9 31 33
7 33 34
13 28 28
10 32 29
5 22 28
11 28 29
8 31 28
6 37 29
11 36 27
8 37 28
5 48 27
7 45 26
4 44 27
3 45 25
9 41 25
3 46 28
10 40 30
5 36 28
1 42 27
8 44 27
5 40 26
3 50 27
9 47 28
5 38 30
1 42 32
8 38 33
3 36 34
2 36 36
8 32 35
3 30 37
11 34 32
7 33 33
6 35 32
14 28 34
11 19 35
10 19 36
14 21 38
12 18 37
10 16 36
13 28 35
6 29 34
4 31 32
6 46 33
4 42 32
3 54 35
6 56 33
1 49 36
7 52 35
4 53 35
1 49 36
6 50 37
6 41 38
3 43 39
9 38 37
5 41 37
4 38 39
7 34 40
4 41 40
2 39 38
7 36 38
5 42 34
10 34 34
5 32 33
3 39 34
8 40 35
6 34 33
0 42 33
8 32 36
7 34 37
7 28 36
8 30 35
4 33 39
3 36 40
8 35 41
5 33 43
2 27 39
7 28 43
5 30 43
11 25 43
9 36 45
3 28 42
10 29 40
8 27 40
5 27 40
11 26 42
7 29 42
5 23 42
12 26 42
9 34 40
5 37 39
7 34 37
4 36 36
9 41 38
6 52 34
2 53 31
7 52 32
3 45 33
1 47 34
8 42 34
7 35 34
4 30 35
10 28 36
6 28 37
5 28 35
11 27 36
6 28 36
6 24 37
14 30 38
10 33 38
13 31 38
9 32 36
6 37 34
11 41 28
8 34 31
5 41 29
10 39 30
5 36 33
5 37 34
11 37 37
5 36 35
3 39 33
8 32 34
4 40 34
8 46 35
4 47 36
1 39 38
8 39 38
5 32 40
4 46 41
10 41 40
5 41 38
3 34 42
8 36 42
7 31 41
2 28 42
9 25 44
8 22 44
6 17 43
11 20 44
8 22 41
14 29 39
10 28 40
5 28 40
10 39 39
6 35 39
3 39 38
9 40 37
6 44 35
3 44 32
7 44 33
2 48 33
1 48 28
9 47 28
6 48 30
9 37 32
6 40 34
3 38 37
9 36 39
2 38 37
2 35 37
9 35 41
6 39 41
3 41 39
8 32 40
6 28 44
2 30 47
7 22 51
5 16 52
4 12 50
11 18 51
11 16 53
14 11 52
13 10 54
12 6 54
19 5 54
17 9 54
17 8 52
22 7 53
21 6 48
21 10 44
27 10 40
25 14 40
21 20 39
22 18 36
20 21 31
25 29 28
22 33 23
17 44 20
17 46 18
13 48 18
7 62 19
9 65 18
4 85 18
3 84 18
7 78 18
1 81 19
0 81 18
5 67 18
1 64 20
1 54 21
3 51 22
1 51 22
9 47 21
7 41 23
3 40 23
10 52 24
8 35 26
3 33 26
9 35 28
5 32 27
2 33 27
8 34 29
3 32 26
1 38 28
5 33 28
5 39 29
12 37 29
8 30 28
6 28 30
10 26 30
8 27 29
4 33 31
9 30 32
7 42 32
4 38 32
9 44 30
6 42 30
3 40 28
8 45 28
5 45 32
4 40 34
9 37 32
6 29 32
11 26 34
7 31 34
3 32 33
8 36 31
7 35 32
4 40 34
7 43 32
5 39 32
3 37 33
9 32 33
2 38 26
1 45 26
6 41 28
2 40 27
10 45 26
6 40 30
5 32 26
10 32 27
7 29 26
6 32 27
11 31 27
7 29 28
4 28 30
9 27 30
5 32 30
4 40 31
8 36 32
8 35 35
3 30 36
8 34 35
3 33 37
11 33 37
8 29 37
6 26 39
12 36 40
7 34 41
5 38 37
7 41 38
5 43 38
2 39 41
7 45 38
3 35 34
2 35 34
8 30 34
6 34 33
11 27 35
8 30 34
6 31 34
12 33 32
10 28 32
7 30 35
11 28 36
9 28 33
6 25 35
14 21 35
10 24 37
8 23 36
13 29 36
7 37 38
5 33 38
12 31 38
9 38 39
14 32 40
9 39 39
4 46 36
10 43 36
6 48 35
3 43 34
9 41 35
6 44 37
4 41 38
9 37 36
5 30 34
2 39 35
6 35 36
6 35 36
13 35 36
12 32 39
11 29 40
17 22 42
11 19 43
9 26 44
16 22 41
11 22 39
9 26 39
15 20 38
13 20 40
11 16 43
18 19 44
15 21 45
13 24 45
17 22 39
12 20 39
15 33 36
9 39 36
3 37 37
8 49 36
5 53 37
3 60 36
9 55 35
6 46 35
4 46 35
8 47 35
3 50 35
3 41 38
5 41 38
2 45 39
9 45 40
7 46 40
5 45 42
10 38 39
4 38 39
0 40 40
8 35 43
4 32 41
2 28 37
7 29 41
4 28 41
1 26 41
8 24 43
5 31 45
0 28 44
8 27 42
6 25 45
12 21 45
10 21 45
8 18 49
11 15 47
10 21 50
9 23 51
14 18 46
11 16 48
8 21 48
13 17 49
10 15 46
8 22 47
12 17 47
8 21 48
15 24 48
12 25 44
9 23 41
11 29 42
10 27 36
4 34 36
9 43 38
7 44 37
4 43 35
10 41 34
6 37 33
3 46 35
7 42 35
4 33 37
4 36 37
11 35 36
5 39 36
9 34 39
7 39 44
4 38 43
7 39 43
4 47 41
1 44 42
7 37 46
5 37 48
3 34 48
8 30 49
4 26 47
4 29 47
7 25 47
5 25 49
10 32 45
7 31 39
6 34 41
10 35 42
5 33 41
3 38 40
10 39 40
7 29 35
4 33 36
9 27 36
7 29 37
4 33 38
11 36 37
9 30 36
7 24 39
12 28 40
8 30 39
13 29 37
10 37 34
6 33 31
12 34 33
11 40 33
8 38 30
12 38 28
9 43 26
2 43 27
7 50 27
5 55 28
1 50 26
6 45 29
5 48 29
10 42 29
8 43 29
6 51 29
9 43 29
7 42 29
7 40 29
10 38 29
8 31 30
5 30 31
10 29 35
7 37 33
3 40 35
7 35 32
4 34 35
1 34 36
6 41 36
5 39 37
10 36 36
5 35 35
4 40 36
8 38 40
4 39 40
2 36 44
8 40 44
3 37 47
1 34 46
8 33 44
3 27 45
0 33 47
8 29 47
4 26 48
12 23 47
10 24 48
8 21 50
13 22 50
8 23 51
5 26 49
12 31 51
7 33 49
4 31 46
10 31 48
6 28 49
2 38 42
8 35 45
6 35 46
3 36 48
7 43 46
5 37 46
9 42 44
5 44 46
2 50 47
7 48 44
5 40 48
3 38 47
11 40 48
6 30 50
5 32 50
9 20 49
8 22 51
7 17 52
12 17 53
11 17 56
18 13 56
17 11 50
15 11 50
22 8 45
20 8 44
19 12 43
25 15 41
21 14 40
18 22 40
21 21 39
17 25 32
13 33 31
15 44 30
6 46 22
3 63 21
4 62 25
1 72 24
7 79 20
4 77 20
0 77 21
7 75 21
3 59 21
0 58 21
8 51 25
1 41 26
1 43 27
7 36 27
4 32 28
1 36 29
7 37 30
4 39 31
11 36 30
9 31 33
8 38 33
14 35 34
10 28 35
4 29 36
10 32 34
7 29 33
6 36 33
8 31 32
4 40 33
2 47 35
7 45 35
4 34 34
2 32 36
8 28 37
4 36 38
8 34 40
4 36 41
3 38 38
10 32 40
10 32 37
6 35 37
13 25 38
10 16 38
7 14 36
14 9 36
12 13 33
11 25 30
13 27 31
12 26 31
15 30 27
14 28 28
9 30 27
11 39 25
6 46 26
2 52 26
9 47 28
4 58 27
1 59 26
8 62 28
4 53 29
2 41 30
7 41 31
4 40 33
1 41 32
6 39 32
3 33 33
10 29 34
8 34 35
6 34 36
11 29 34
7 28 36
4 26 36
11 28 34
10 34 33
5 33 30
9 30 31
6 32 32
3 35 31
6 42 31
4 43 31
12 41 33
10 40 30
4 38 34
8 47 35
5 37 37
3 30 38
9 34 40
6 30 40
4 28 39
11 20 39
5 23 42
2 23 40
8 21 42
5 21 44
4 26 42
10 27 41
7 24 43
12 27 43
9 29 41
7 28 42
12 29 40
10 25 40
7 22 44
11 34 42
6 34 38
5 37 38
11 40 40
7 40 38
3 42 38
8 44 33
4 51 31
9 44 33
6 40 34
3 42 31
9 46 33
5 41 35
2 40 34
8 36 35
4 35 35
2 37 35
8 39 31
3 40 32
2 42 33
8 34 34
4 31 33
1 34 32
5 35 31
2 36 28
9 36 29
5 42 26
2 49 26
9 44 27
7 40 27
4 34 28
11 31 25
7 30 25
4 24 25
10 24 27
9 30 27
6 38 30
10 35 29
5 46 28
9 42 29
6 48 29
3 45 29
9 50 30
6 41 28
5 43 28
9 38 28
4 50 29
3 50 24
7 43 25
4 46 24
2 55 25
5 51 24
3 54 25
0 50 26
4 48 29
2 44 29
8 44 29
5 39 28
5 39 28
11 37 30
8 31 30
5 33 32
9 28 34
7 22 35
5 28 35
10 24 37
5 31 35
2 29 36
9 35 37
3 39 38
10 42 39
6 37 41
2 30 44
9 34 43
7 39 45
4 41 42
7 42 42
3 42 41
2 46 43
6 49 39
2 44 39
1 37 39
9 36 40
4 34 39
2 33 39
7 24 39
6 26 35
12 25 35
9 21 36
7 22 38
11 24 38
8 23 35
5 20 33
11 21 33
9 32 35
6 32 32
9 31 33
8 29 33
4 36 32
9 37 33
4 34 33
12 34 33
10 36 34
8 42 33
10 39 32
7 41 32
6 36 31
12 31 31
10 27 31
9 28 32
14 30 35
11 26 35
5 35 37
9 45 37
4 40 39
2 50 40
9 49 38
5 47 38
10 44 39
8 37 40
6 30 42
11 38 44
6 30 44
4 28 46
9 28 47
5 36 47
1 40 48
8 36 50
6 32 49
4 30 50
9 25 50
6 24 48
12 23 48
9 20 48
7 26 47
14 22 48
12 17 48
9 26 50
15 26 47
10 23 49
8 26 48
13 30 47
10 28 43
5 39 43
10 30 44
7 21 48
5 24 45
11 27 46
5 34 46
10 35 47
6 33 45
3 34 43
7 31 47
6 33 45
5 32 47
8 32 50
7 32 50
3 31 51
7 31 50
6 37 48
3 34 45
9 35 46
5 28 47
13 32 43
7 27 43
4 36 41
11 30 37
7 29 40
6 31 41
12 34 42
10 37 42
7 37 40
11 29 40
7 32 43
4 34 46
8 36 48
5 43 46
1 38 47
5 40 45
2 44 45
9 38 45
6 38 45
2 34 43
9 28 45
7 31 45
2 28 45
10 28 44
5 27 43
3 24 42
8 32 42
8 32 41
5 33 41
8 33 39
5 39 37
11 42 35
9 40 35
6 33 35
11 34 31
9 35 33
6 36 32
13 23 34
12 25 35
9 28 34
13 28 36
9 30 34
7 28 35
12 31 35
7 38 34
2 40 36
5 40 36
2 48 36
10 45 35
3 41 34
2 42 34
7 40 34
5 47 33
2 43 33
9 38 31
6 34 32
4 40 31
9 37 32
6 40 32
2 29 35
7 35 34
7 33 33
13 35 34
12 34 33
6 36 34
12 36 34
9 38 32
8 44 28
8 48 31
5 41 31
1 47 27
6 50 29
2 56 29
1 52 26
6 48 28
3 48 27
3 52 27
7 51 26
6 48 26
9 44 26
5 44 26
5 43 26
11 33 23
8 37 23
7 40 23
11 32 22
10 38 23
6 35 22
11 37 21
6 41 18
5 43 17
9 47 17
5 46 17
12 54 17
7 52 19
4 51 19
9 56 20
5 59 20
2 58 20
7 59 20
4 56 20
3 53 20
9 47 21
6 43 21
4 40 19
9 41 19
5 44 20
3 46 20
5 47 17
2 54 17
9 52 15
7 48 15
5 49 16
9 49 17
6 39 17
5 38 17
11 34 17
9 32 18
5 31 17
9 33 19
7 27 19
2 33 19
6 48 19
4 45 22
10 39 23
5 47 23
2 56 23
10 55 22
7 50 22
4 40 22
8 46 21
4 57 21
2 51 22
8 46 24
5 40 25
4 40 28
8 36 28
4 34 27
2 36 28
5 36 29
2 36 28
9 46 29
6 38 31
2 37 33
9 38 34
7 33 37
4 33 37
12 33 37
6 24 39
4 26 38
8 32 39
5 35 40
4 29 41
10 31 40
6 32 41
10 35 41
5 40 40
3 41 37
11 39 37
8 38 35
4 36 36
10 35 36
3 32 30
1 34 30
8 32 31
6 34 29
4 37 26
12 35 27
5 33 26
3 35 26
9 39 25
6 39 26
9 36 28
6 38 29
6 37 30
12 44 30
9 47 30
4 35 30
10 33 32
9 36 32
7 30 31
13 33 31
6 35 32
3 33 33
7 40 31
5 42 31
13 42 32
9 43 31
2 39 32
9 43 32
5 45 32
4 43 34
9 46 35
4 50 30
3 56 30
6 57 31
3 49 30
1 45 31
8 45 30
5 40 30
2 37 27
7 35 25
6 34 27
12 39 27
9 35 27
4 36 27
9 37 28
7 40 29
5 38 30
6 41 29
4 38 31
2 47 29
6 47 29
4 52 32
2 53 29
4 53 28
1 42 29
8 44 30
4 39 32
2 32 33
10 29 33
7 26 33
4 21 35
9 29 36
8 27 31
6 34 32
11 28 32
8 26 34
7 25 34
13 23 32
7 20 30
6 28 31
12 27 31
8 26 31
11 27 32
8 37 32
6 43 33
11 39 32
9 46 32
6 46 31
10 49 34
4 53 34
2 49 35
7 45 37
3 52 37
1 50 36
3 47 36
2 44 39
8 44 39
5 44 37
4 39 36
11 30 41
8 30 41
6 34 43
11 37 40
5 37 38
4 38 36
9 38 35
6 35 34
3 37 35
9 37 36
5 38 37
4 38 40
10 36 38
4 39 39
10 36 38
5 39 39
3 44 38
10 42 39
8 34 42
6 33 42
11 33 44
8 27 46
7 21 43
13 22 43
9 18 42
6 25 38
10 34 39
8 32 36
13 35 37
10 36 37
8 32 38
12 34 35
10 38 34
5 33 35
10 34 32
5 42 28
2 43 28
6 40 28
2 45 29
1 44 32
7 38 35
5 36 33
4 26 34
10 29 35
8 30 35
14 28 35
10 32 36
5 36 34
12 36 32
6 41 33
2 41 34
9 41 34
3 45 35
1 41 31
7 44 32
5 43 35
3 35 35
8 41 34
5 40 37
12 25 44
7 20 47
6 30 47
11 23 47
7 19 49
4 20 48
11 20 53
10 26 54
6 22 54
12 20 53
9 16 53
6 23 53
12 23 55
7 19 53
6 17 50
13 16 49
10 16 51
16 15 51
14 14 50
12 16 45
18 20 43
12 19 44
9 31 40
13 46 38
7 46 38
1 44 40
7 58 39
3 57 39
1 58 40
7 54 41
4 51 37
10 55 37
7 54 39
4 41 41
10 38 35
6 35 36
6 38 37
7 32 38
4 37 38
2 34 37
7 45 35
5 44 35
0 47 33
6 46 33
5 42 34
2 38 34
3 25 35
3 30 33
10 25 35
5 24 34
4 23 34
10 22 34
8 21 35
5 29 36
9 27 37
8 22 37
4 28 36
8 24 38
6 32 37
3 35 37
9 33 36
5 28 36
11 31 36
10 29 37
5 32 36
10 36 34
8 39 34
6 41 34
10 44 31
5 48 33
2 48 34
8 57 30
2 56 31
2 50 29
6 43 29
3 50 25
2 44 26
6 49 27
5 41 29
9 33 30
6 40 28
5 36 28
13 27 31
9 23 30
6 27 30
10 29 32
5 31 31
4 27 32
9 37 34
4 33 32
4 32 30
8 38 28
5 34 29
9 32 32
7 38 33
4 33 32
11 37 34
6 27 35
6 33 37
10 32 37
1 39 36
1 48 37
4 40 38
3 39 39
1 41 41
9 37 42
6 36 41
5 31 40
11 25 40
8 27 41
11 25 44
8 25 44
5 28 44
11 32 42
9 29 43
8 25 45
12 18 43
8 21 38
6 24 36
12 25 34
7 33 35
5 38 36
11 37 37
6 38 32
11 35 32
8 43 31
3 44 31
9 43 33
5 41 33
1 50 33
6 47 32
4 52 31
1 40 34
9 44 32
4 39 33
2 33 32
8 37 32
4 32 34
3 24 36
7 28 37
7 22 39
14 20 40
11 21 43
10 16 41
17 24 41
14 22 41
13 21 39
17 19 39
16 12 40
16 17 40
20 17 41
15 21 40
10 27 36
13 36 36
5 38 32
11 46 32
8 65 27
3 64 27
7 63 26
6 56 31
2 52 31
9 44 32
4 49 35
3 36 37
7 41 37
7 32 40
4 30 41
10 31 43
8 38 44
4 27 47
10 27 47
8 26 47
13 26 45
7 31 45
6 33 48
10 30 51
9 28 53
6 26 52
9 37 51
7 32 50
3 38 51
6 38 51
3 36 50
2 37 51
6 41 52
4 32 53
9 37 57
7 27 52
5 32 50
13 30 48
9 27 48
3 32 48
10 32 47
4 27 47
2 28 48
9 22 50
6 29 50
4 26 52
8 28 53
4 28 47
3 27 46
8 26 46
5 26 47
10 25 43
7 27 43
4 26 42
9 27 42
5 29 42
4 37 41
10 39 41
7 35 43
1 41 42
8 37 42
7 42 43
3 43 42
10 36 38
7 38 38
14 40 37
11 32 34
6 29 37
11 28 33
9 25 33
6 26 33
13 25 34
8 25 30
4 32 29
10 37 28
5 31 29
3 33 33
6 37 35
5 45 36
0 42 37
4 43 35
2 37 36
9 38 38
5 38 39
3 29 41
9 24 39
6 32 43
4 32 42
10 39 45
6 39 44
4 32 41
9 38 40
3 37 41
1 39 43
6 46 43
3 38 43
9 34 44
5 33 42
4 41 43
10 32 43
8 26 44
5 20 45
12 30 43
9 32 44
7 28 45
11 27 46
9 28 44
8 27 46
14 25 45
12 16 46
9 15 47
15 19 43
12 19 43
18 31 40
15 28 39
10 26 40
16 26 37
13 30 35
7 40 35
13 46 33
6 40 33
4 42 30
8 54 32
2 55 31
1 46 33
6 45 31
3 44 34
10 42 33
7 33 35
2 30 33
9 36 35
4 33 37
4 38 36
11 35 36
7 37 37
4 39 38
11 34 35
8 33 35
8 36 36
15 26 35
12 28 34
7 25 31
10 32 30
4 36 31
10 43 26
7 43 25
5 46 27
11 50 27
6 48 26
3 55 25
9 46 25
4 44 26
2 51 26
7 46 22
2 52 24
0 59 23
6 46 23
2 53 24
8 43 25
5 33 24
3 34 27
10 27 29
6 27 30
1 36 30
8 37 30
4 37 29
0 45 28
7 44 29
1 44 27
0 48 27
8 39 29
4 39 30
2 37 29
6 41 31
4 41 30
10 38 28
7 37 26
6 35 26
11 41 27
8 43 27
5 35 27
9 31 29
5 39 29
2 39 28
8 38 29
4 33 31
1 38 30
8 34 32
5 32 34
10 30 36
8 21 38
6 29 40
14 26 42
9 23 44
6 21 43
12 32 42
10 26 42
6 26 42
10 32 43
4 29 42
2 38 41
8 40 38
4 41 39
3 49 38
7 49 35
3 50 29
8 53 29
5 45 28
3 44 30
8 43 30
3 39 31
1 41 32
6 45 31
3 42 31
1 48 30
5 45 32
2 42 31
1 39 33
8 32 36
5 35 36
12 26 40
9 21 39
6 22 40
13 18 41
10 14 40
7 21 41
15 19 42
10 13 41
9 13 43
14 9 42
14 6 43
13 5 42
21 8 42
21 7 39
18 5 34
26 5 34
26 5 29
33 5 30
32 8 29
29 8 26
33 12 24
28 15 23
22 22 21
27 26 21
20 37 15
12 45 13
11 53 10
3 84 10
2 98 10
3 99 10
0 105 10
8 113 12
4 109 12
2 100 12
7 66 12
2 52 12
0 49 14
6 42 15
4 37 13
2 41 13
7 48 13
3 43 14
1 46 15
7 44 16
4 48 17
2 47 16
7 47 16
3 41 17
10 47 18
5 44 19
4 53 20
8 49 20
6 49 20
3 37 23
9 34 26
8 40 28
5 33 28
10 27 28
5 30 27
4 35 28
8 37 30
5 42 31
9 37 33
5 47 33
3 47 32
7 48 32
5 44 34
3 50 32
7 38 28
4 37 30
3 37 31
9 36 32
5 30 35
4 38 36
9 32 35
5 38 35
3 39 35
7 40 36
2 34 38
7 35 38
6 33 37
3 37 39
10 29 39
4 35 41
0 38 41
8 38 40
4 34 40
2 34 43
7 37 41
4 35 43
2 32 44
8 38 43
5 31 42
11 32 43
9 30 42
9 25 42
12 23 42
11 22 40
9 14 41
15 21 40
11 29 40
6 37 39
12 37 42
7 34 42
5 36 41
8 41 37
2 39 37
1 50 38
6 43 42
0 40 43
8 38 44
5 37 42
3 36 44
10 38 46
5 29 46
2 26 48
10 32 47
8 25 48
4 24 49
10 23 51
9 19 51
8 22 52
14 19 50
11 12 51
18 12 51
15 10 52
14 13 48
19 15 50
17 18 51
12 18 47
17 28 45
14 35 40
10 42 36
12 48 38
9 51 37
5 53 39
10 58 39
4 51 39
3 52 38
8 47 39
5 43 40
9 42 39
5 50 41
2 46 41
8 38 43
3 41 45
0 45 48
6 38 46
3 34 47
1 25 50
8 22 53
5 23 54
4 17 53
11 17 55
9 16 55
15 14 54
13 12 53
12 14 54
18 14 50
17 14 48
16 13 41
22 16 38
18 20 33
12 18 25
16 28 24
12 35 22
8 35 22
11 37 21
6 47 22
0 53 25
6 53 24
0 55 24
8 58 25
7 50 27
1 45 28
6 49 29
4 47 31
3 48 31
8 41 32
7 38 33
4 36 36
8 35 39
6 27 42
2 26 40
8 32 40
7 28 41
11 30 40
8 32 41
6 30 41
10 28 43
6 30 42
4 32 44
9 32 46
5 28 45
3 32 42
8 33 44
5 43 44
2 37 43
7 33 45
4 32 47
1 33 50
6 32 47
3 27 48
10 25 47
7 27 50
5 26 49
10 28 48
8 28 48
5 25 47
8 29 49
7 28 50
4 27 49
8 29 48
5 30 51
0 38 45
6 34 47
3 38 44
9 37 44
6 41 46
2 33 50
10 32 52
8 36 54
6 32 54
11 31 56
10 28 53
9 29 53
17 26 52
12 17 47
9 25 45
11 22 45
10 31 47
5 31 47
7 36 44
3 40 43
8 41 42
5 40 41
2 40 43
9 36 41
8 34 43
5 36 42
10 35 42
7 29 44
5 27 44
11 30 46
6 30 45
3 27 47
10 32 47
6 26 43
13 24 41
12 25 41
9 18 42
15 21 41
11 20 41
8 15 41
14 18 39
12 25 36
8 28 34
13 33 31
9 36 31
5 43 32
5 58 32
4 61 32
0 58 35
6 56 33
5 48 31
11 42 31
6 37 33
3 29 30
10 27 31
9 20 32
7 24 33
13 30 30
7 27 29
5 34 29
11 34 30
6 37 30
3 41 30
9 49 31
4 52 30
7 53 29
2 50 27
2 57 29
7 51 30
6 49 32
2 40 31
8 40 32
3 38 32
2 36 35
9 34 34
5 29 35
2 36 35
9 37 35
5 28 36
4 32 38
8 34 34
6 26 34
11 27 34
7 34 33
6 33 35
10 33 36
7 38 36
3 33 35
8 39 36
7 41 35
3 34 36
9 41 38
5 51 38
4 43 39
7 46 40
4 45 40
10 48 38
5 52 40
2 57 38
8 42 39
7 43 42
2 37 41
7 36 44
3 41 44
2 39 45
8 38 46
2 35 48
0 35 47
7 32 45
5 29 48
3 20 50
10 20 50
9 18 53
16 13 52
13 11 48
13 6 49
21 4 51
21 4 51
20 4 52
26 7 51
25 6 46
24 3 46
32 3 43
32 2 37
32 1 35
40 0 28
40 0 24
48 0 21
48 0 21
48 0 19
54 0 14
54 0 13
49 0 11
57 0 11
57 0 11
54 0 11
62 0 9
62 0 9
56 0 6
64 0 6
64 0 6
56 0 6
64 0 6
64 0 3
64 0 3
64 0 0
56 0 0
64 0 0
64 0 0
56 0 0
