985 15 0
983 17 0
981 19 0
981 19 0
976 24 0
975 25 0
971 29 0
970 30 0
968 32 0
958 42 0
946 54 0
938 62 0
935 65 0
919 81 0
912 88 0
909 80 11
896 88 16
879 103 18
867 114 19
847 132 21
839 137 24
827 145 28
820 151 29
817 152 31
809 156 35
802 151 47
794 147 59
785 152 63
782 143 75
775 143 82
764 146 90
755 147 98
732 160 108
714 160 126
703 156 141
685 161 154
674 161 165
668 155 177
665 152 183
657 154 189
649 156 195
640 161 199
635 155 210
622 160 218
613 167 220
603 167 230
590 169 241
586 158 256
578 148 274
572 133 295
570 126 304
566 116 318
553 116 331
551 115 334
550 112 338
547 105 348
545 99 356
540 99 361
538 89 373
534 86 380
524 85 391
513 86 401
501 89 410
491 91 418
475 97 428
467 105 428
460 107 433
452 104 444
444 109 447
436 115 449
432 117 451
431 115 454
428 114 458
423 116 461
423 112 465
415 111 474
414 107 479
405 103 492
403 93 504
401 81 518
393 79 528
389 73 538
389 67 544
388 61 551
376 65 559
372 61 567
371 60 569
371 58 571
370 53 577
370 53 577
370 48 582
370 45 585
366 44 590
365 39 596
362 41 597
357 40 603
352 40 608
351 38 611
351 37 612
350 32 618
349 24 627
349 23 628
348 23 629
348 22 630
348 22 630
347 23 630
346 24 630
346 23 631
346 19 635
346 18 636
346 14 640
346 10 644
346 5 649
346 5 649
346 5 649
346 3 651
346 3 651
346 3 651
346 2 652
346 2 652
346 1 653
346 0 654
346 0 654
346 0 654
346 0 654
346 0 654
346 0 654
346 0 654
346 0 654
346 0 654
346 0 654
346 0 654
346 0 654
346 0 654
346 0 654
346 0 654
346 0 654
346 0 654
346 0 654
346 0 654
346 0 654
346 0 654
346 0 654
346 0 654
346 0 654
346 0 654
346 0 654
346 0 654
346 0 654
346 0 654
346 0 654
346 0 654
346 0 654
346 0 654
346 0 654
346 0 654
346 0 654
346 0 654
346 0 654
346 0 654
346 0 654
346 0 654
346 0 654
346 0 654
346 0 654
346 0 654
346 0 654
346 0 654
346 0 654
346 0 654
346 0 654
346 0 654
346 0 654
346 0 654
346 0 654
346 0 654
346 0 654
346 0 654
346 0 654
346 0 654
346 0 654
346 0 654
346 0 654
346 0 654
346 0 654
346 0 654
346 0 654
346 0 654
346 0 654
346 0 654
346 0 654
346 0 654
346 0 654
346 0 654
346 0 654
346 0 654
346 0 654
346 0 654
346 0 654
346 0 654
346 0 654
346 0 654
346 0 654
346 0 654
346 0 654
346 0 654
346 0 654
346 0 654
346 0 654
346 0 654
346 0 654
346 0 654
346 0 654
346 0 654
346 0 654
346 0 654
346 0 654
346 0 654
346 0 654
346 0 654
346 0 654
346 0 654
346 0 654
346 0 654
346 0 654
346 0 654
346 0 654
346 0 654
346 0 654
346 0 654
346 0 654
346 0 654
346 0 654
346 0 654
346 0 654
346 0 654
346 0 654
346 0 654
346 0 654
346 0 654
346 0 654
346 0 654
346 0 654
346 0 654
346 0 654
346 0 654
346 0 654
346 0 654
346 0 654
346 0 654
346 0 654
346 0 654
346 0 654
346 0 654
346 0 654
346 0 654
346 0 654
346 0 654
346 0 654
346 0 654
346 0 654
346 0 654
346 0 654
346 0 654
346 0 654
346 0 654
346 0 654
346 0 654
346 0 654
346 0 654
346 0 654
346 0 654
346 0 654
346 0 654
346 0 654
346 0 654
346 0 654
346 0 654
346 0 654
346 0 654
346 0 654
346 0 654
346 0 654
346 0 654
346 0 654
346 0 654
346 0 654
346 0 654
346 0 654
346 0 654
346 0 654
346 0 654
346 0 654
346 0 654
346 0 654
346 0 654
346 0 654
346 0 654
346 0 654
346 0 654
346 0 654
346 0 654
346 0 654
346 0 654
346 0 654
346 0 654
346 0 654
346 0 654
346 0 654
346 0 654
346 0 654
346 0 654
346 0 654
346 0 654
346 0 654
346 0 654
346 0 654
346 0 654
346 0 654
346 0 654
346 0 654
346 0 654
346 0 654
346 0 654
346 0 654
346 0 654
346 0 654
346 0 654
346 0 654
346 0 654
346 0 654
346 0 654
346 0 654
346 0 654
346 0 654
346 0 654
346 0 654
346 0 654
346 0 654
346 0 654
346 0 654
346 0 654
346 0 654
346 0 654
346 0 654
346 0 654
346 0 654
346 0 654
346 0 654
346 0 654
346 0 654
346 0 654
346 0 654
346 0 654
346 0 654
346 0 654
346 0 654
346 0 654
346 0 654
346 0 654
346 0 654
346 0 654
346 0 654
346 0 654
346 0 654
346 0 654
346 0 654
346 0 654
346 0 654
346 0 654
346 0 654
346 0 654
346 0 654
346 0 654
346 0 654
346 0 654
346 0 654
346 0 654
346 0 654
346 0 654
346 0 654
346 0 654
346 0 654
346 0 654
346 0 654
346 0 654
346 0 654
346 0 654
346 0 654
346 0 654
346 0 654
346 0 654
346 0 654
346 0 654
346 0 654
346 0 654
346 0 654
346 0 654
346 0 654
346 0 654
346 0 654
346 0 654
346 0 654
346 0 654
346 0 654
346 0 654
346 0 654
346 0 654
346 0 654
346 0 654
346 0 654
346 0 654
346 0 654
346 0 654
346 0 654
346 0 654
346 0 654
346 0 654
346 0 654
346 0 654
346 0 654
346 0 654
346 0 654
346 0 654
346 0 654
346 0 654
346 0 654
346 0 654
346 0 654
346 0 654
