999 1 0
999 1 0
999 1 0
999 1 0
999 1 0
999 1 0
994 6 0
992 8 0
991 9 0
989 11 0
989 11 0
989 11 0
988 12 0
984 16 0
980 20 0
975 25 0
974 26 0
973 27 0
961 39 0
953 47 0
950 50 0
945 55 0
936 64 0
930 70 0
925 75 0
914 85 1
910 89 1
900 99 1
895 104 1
889 110 1
887 112 1
884 112 4
882 112 6
878 114 8
874 116 10
872 117 11
867 122 11
861 127 12
856 130 14
849 134 17
841 136 23
835 139 26
834 140 26
830 136 34
825 133 42
817 135 48
814 132 54
810 132 58
805 128 67
801 126 73
794 126 80
790 124 86
785 120 95
780 118 102
776 115 109
768 121 111
763 121 116
750 134 116
748 132 120
747 128 125
738 134 128
738 132 130
735 128 137
730 128 142
719 132 149
711 133 156
706 133 161
700 135 165
691 139 170
672 156 172
660 158 182
654 162 184
651 163 186
649 158 193
645 158 197
638 160 202
631 161 208
617 171 212
605 179 216
600 178 222
596 176 228
583 184 233
568 188 244
557 192 251
546 202 252
520 220 260
506 232 262
491 245 264
466 266 268
446 282 272
440 273 287
429 279 292
421 284 295
408 286 306
388 290 322
370 299 331
350 307 343
336 316 348
322 328 350
311 336 353
303 337 360
299 337 364
292 333 375
279 334 387
269 334 397
254 343 403
246 345 409
241 334 425
234 326 440
225 326 449
212 325 463
205 312 483
198 298 504
195 281 524
192 264 544
186 257 557
179 253 568
172 254 574
163 247 590
159 237 604
156 222 622
147 213 640
144 201 655
141 186 673
133 184 683
132 177 691
118 182 700
111 186 703
102 182 716
96 178 726
93 170 737
91 160 749
88 157 755
87 149 764
86 145 769
86 131 783
86 124 790
86 116 798
85 111 804
84 110 806
84 104 812
84 100 816
81 96 823
80 88 832
76 86 838
74 84 842
73 79 848
68 77 855
67 77 856
66 72 862
65 68 867
63 61 876
63 51 886
62 45 893
62 38 900
62 32 906
62 31 907
62 27 911
61 26 913
60 26 914
60 26 914
59 27 914
56 30 914
55 31 914
54 30 916
53 31 916
53 31 916
53 28 919
51 30 919
51 27 922
51 24 925
51 22 927
51 20 929
51 17 932
51 16 933
51 15 934
51 14 935
51 12 937
51 12 937
50 12 938
47 15 938
46 16 938
44 18 938
43 19 938
43 18 939
43 17 940
43 17 940
43 15 942
43 13 944
42 13 945
42 12 946
42 11 947
42 11 947
41 11 948
41 10 949
41 10 949
41 10 949
41 10 949
41 10 949
41 10 949
41 10 949
41 10 949
41 10 949
41 10 949
41 10 949
41 7 952
41 5 954
41 4 955
41 3 956
41 2 957
41 2 957
41 2 957
41 2 957
41 2 957
41 1 958
41 1 958
41 1 958
41 1 958
41 1 958
41 0 959
41 0 959
41 0 959
41 0 959
41 0 959
41 0 959
41 0 959
41 0 959
41 0 959
41 0 959
41 0 959
41 0 959
41 0 959
41 0 959
41 0 959
41 0 959
41 0 959
41 0 959
41 0 959
41 0 959
41 0 959
41 0 959
41 0 959
41 0 959
41 0 959
41 0 959
41 0 959
41 0 959
41 0 959
41 0 959
41 0 959
41 0 959
41 0 959
41 0 959
41 0 959
41 0 959
41 0 959
41 0 959
41 0 959
41 0 959
41 0 959
41 0 959
41 0 959
41 0 959
