995 5 0
988 12 0
981 19 0
975 25 0
974 26 0
974 26 0
973 27 0
973 27 0
971 29 0
968 32 0
964 36 0
960 40 0
960 40 0
955 45 0
951 49 0
949 46 5
949 43 8
949 36 15
949 29 22
940 35 25
931 43 26
921 53 26
911 62 27
904 68 28
899 69 32
891 76 33
884 77 39
878 82 40
875 82 43
872 81 47
868 81 51
857 92 51
855 94 51
851 98 51
846 98 56
840 98 62
831 96 73
825 91 84
821 87 92
811 91 98
805 88 107
800 89 111
789 90 121
777 99 124
772 103 125
769 101 130
765 100 135
759 97 144
754 100 146
740 107 153
736 107 157
735 100 165
732 98 170
728 96 176
721 95 184
717 93 190
709 95 196
693 103 204
684 97 219
675 101 224
665 105 230
652 115 233
636 126 238
620 136 244
605 143 252
592 147 261
567 169 264
544 189 267
524 204 272
496 229 275
471 249 280
447 268 285
440 260 300
424 265 311
409 272 319
399 271 330
394 265 341
389 256 355
388 241 371
382 232 386
372 226 402
367 215 418
358 195 447
348 188 464
340 165 495
333 151 516
319 140 541
317 130 553
313 116 571
306 115 579
298 106 596
290 109 601
282 108 610
275 114 611
272 112 616
268 108 624
268 103 629
258 103 639
250 104 646
240 105 655
235 102 663
231 93 676
227 91 682
226 90 684
222 89 689
221 79 700
221 72 707
217 71 712
214 66 720
203 72 725
198 74 728
198 70 732
198 64 738
197 59 744
197 44 759
194 45 761
194 40 766
190 39 771
189 38 773
186 38 776
185 37 778
185 36 779
185 33 782
185 30 785
183 22 795
182 19 799
182 16 802
182 16 802
182 15 803
182 15 803
182 14 804
182 12 806
181 10 809
181 9 810
181 7 812
181 5 814
181 4 815
181 4 815
181 4 815
181 3 816
181 1 818
181 1 818
181 1 818
181 1 818
181 1 818
181 1 818
181 1 818
181 1 818
181 0 819
181 0 819
181 0 819
181 0 819
181 0 819
181 0 819
181 0 819
181 0 819
181 0 819
181 0 819
181 0 819
181 0 819
181 0 819
181 0 819
181 0 819
181 0 819
181 0 819
181 0 819
181 0 819
181 0 819
181 0 819
181 0 819
181 0 819
181 0 819
181 0 819
181 0 819
181 0 819
181 0 819
181 0 819
181 0 819
181 0 819
181 0 819
181 0 819
181 0 819
181 0 819
181 0 819
181 0 819
181 0 819
181 0 819
181 0 819
181 0 819
181 0 819
181 0 819
181 0 819
181 0 819
181 0 819
181 0 819
181 0 819
181 0 819
181 0 819
181 0 819
181 0 819
181 0 819
181 0 819
181 0 819
181 0 819
181 0 819
181 0 819
