988 12 0
982 18 0
977 23 0
971 29 0
969 31 0
967 33 0
965 35 0
962 38 0
954 46 0
949 51 0
936 64 0
925 75 0
912 88 0
901 99 0
896 104 0
893 107 0
886 114 0
880 120 0
875 125 0
867 133 0
866 134 0
862 138 0
858 142 0
854 146 0
847 153 0
839 150 11
830 157 13
827 151 22
812 161 27
789 181 30
773 195 32
756 211 33
737 227 36
725 233 42
718 234 48
699 245 56
688 241 71
681 240 79
663 243 94
645 252 103
632 263 105
621 269 110
616 267 117
589 290 121
567 303 130
546 321 133
525 340 135
495 366 139
473 383 144
459 389 152
437 407 156
412 424 164
395 435 170
387 430 183
372 429 199
343 437 220
330 434 236
321 423 256
308 423 269
293 430 277
287 417 296
282 412 306
267 418 315
259 413 328
256 401 343
243 394 363
232 393 375
219 401 380
210 386 404
203 376 421
193 366 441
186 351 463
182 331 487
174 311 515
172 294 534
172 277 551
170 260 570
166 234 600
164 229 607
164 213 623
161 192 647
160 180 660
160 164 676
159 156 685
158 141 701
158 132 710
158 127 715
154 117 729
153 110 737
151 106 743
150 100 750
149 91 760
148 76 776
146 68 786
145 61 794
143 54 803
141 52 807
141 43 816
141 38 821
141 33 826
141 31 828
141 30 829
141 28 831
141 23 836
141 23 836
141 22 837
141 20 839
141 19 840
141 19 840
140 18 842
140 18 842
140 18 842
140 17 843
140 14 846
140 11 849
140 11 849
140 9 851
140 8 852
140 8 852
140 6 854
140 3 857
140 2 858
140 1 859
140 1 859
140 1 859
140 1 859
140 1 859
140 1 859
139 2 859
139 2 859
139 2 859
139 2 859
139 2 859
139 2 859
139 2 859
139 1 860
139 1 860
139 1 860
139 1 860
139 1 860
139 1 860
139 1 860
139 1 860
139 1 860
139 1 860
139 1 860
139 1 860
139 1 860
139 1 860
139 1 860
139 1 860
139 1 860
139 1 860
139 0 861
139 0 861
139 0 861
139 0 861
139 0 861
139 0 861
139 0 861
139 0 861
139 0 861
139 0 861
139 0 861
139 0 861
139 0 861
139 0 861
139 0 861
139 0 861
139 0 861
139 0 861
139 0 861
139 0 861
139 0 861
139 0 861
139 0 861
139 0 861
139 0 861
139 0 861
139 0 861
139 0 861
139 0 861
139 0 861
139 0 861
139 0 861
139 0 861
139 0 861
139 0 861
139 0 861
139 0 861
139 0 861
139 0 861
139 0 861
139 0 861
139 0 861
139 0 861
139 0 861
139 0 861
139 0 861
139 0 861
139 0 861
139 0 861
139 0 861
139 0 861
139 0 861
139 0 861
139 0 861
139 0 861
