998 2 0
996 4 0
996 4 0
996 4 0
995 5 0
994 6 0
994 6 0
993 7 0
992 8 0
992 8 0
992 8 0
989 11 0
989 11 0
988 12 0
987 13 0
985 13 2
984 13 3
984 12 4
980 16 4
979 16 5
979 15 6
979 15 6
977 17 6
977 15 8
977 15 8
976 16 8
976 14 10
976 13 11
971 17 12
970 18 12
967 19 14
964 20 16
962 22 16
960 23 17
960 20 20
959 20 21
959 20 21
958 21 21
958 19 23
956 21 23
953 24 23
953 23 24
951 25 24
951 21 28
950 20 30
949 20 31
949 17 34
949 14 37
949 12 39
949 11 40
949 10 41
949 10 41
949 10 41
949 9 42
949 7 44
949 6 45
949 4 47
949 4 47
949 2 49
949 2 49
949 0 51
949 0 51
949 0 51
949 0 51
949 0 51
949 0 51
949 0 51
949 0 51
949 0 51
949 0 51
949 0 51
949 0 51
949 0 51
949 0 51
949 0 51
949 0 51
949 0 51
949 0 51
949 0 51
949 0 51
949 0 51
949 0 51
949 0 51
949 0 51
949 0 51
949 0 51
949 0 51
949 0 51
949 0 51
949 0 51
949 0 51
949 0 51
949 0 51
949 0 51
949 0 51
949 0 51
949 0 51
949 0 51
949 0 51
949 0 51
949 0 51
949 0 51
949 0 51
949 0 51
949 0 51
949 0 51
949 0 51
949 0 51
949 0 51
949 0 51
949 0 51
949 0 51
949 0 51
949 0 51
949 0 51
949 0 51
949 0 51
949 0 51
949 0 51
949 0 51
949 0 51
949 0 51
949 0 51
949 0 51
949 0 51
949 0 51
949 0 51
949 0 51
949 0 51
949 0 51
949 0 51
949 0 51
949 0 51
949 0 51
949 0 51
949 0 51
949 0 51
949 0 51
949 0 51
949 0 51
949 0 51
949 0 51
949 0 51
949 0 51
949 0 51
949 0 51
949 0 51
949 0 51
949 0 51
949 0 51
949 0 51
949 0 51
949 0 51
949 0 51
949 0 51
949 0 51
949 0 51
949 0 51
949 0 51
949 0 51
949 0 51
949 0 51
949 0 51
949 0 51
949 0 51
949 0 51
949 0 51
949 0 51
949 0 51
949 0 51
949 0 51
949 0 51
949 0 51
949 0 51
949 0 51
949 0 51
949 0 51
949 0 51
949 0 51
949 0 51
