999 1 0
999 1 0
999 1 0
999 1 0
999 1 0
999 1 0
999 1 0
998 2 0
998 2 0
998 2 0
997 3 0
997 3 0
997 3 0
996 4 0
996 4 0
996 3 1
996 4 0
995 5 0
995 5 0
994 6 0
994 6 0
993 7 0
993 6 1
993 6 1
993 6 1
993 5 2
993 5 2
992 6 2
992 5 3
992 5 3
992 5 3
991 6 3
990 5 5
989 6 5
988 8 4
988 7 5
988 6 6
986 8 6
986 8 6
984 10 6
984 10 6
984 10 6
984 9 7
983 11 6
983 11 6
982 12 6
982 12 6
982 11 7
982 9 9
982 9 9
982 7 11
982 8 10
982 6 12
982 6 12
981 7 12
981 6 13
981 7 12
980 8 12
979 8 13
978 8 14
976 9 15
975 10 15
975 10 15
972 13 15
971 14 15
969 16 15
967 18 15
967 18 15
966 19 15
966 20 14
963 21 16
963 21 16
963 20 17
962 21 17
961 21 18
960 20 20
960 19 21
960 19 21
959 19 22
959 17 24
959 16 25
959 15 26
959 13 28
958 12 30
958 11 31
958 11 31
957 9 34
956 10 34
956 9 35
956 8 36
954 9 37
954 8 38
954 9 37
954 8 38
954 8 38
953 8 39
952 9 39
951 11 38
951 12 37
950 13 37
950 13 37
948 14 38
947 14 39
947 14 39
947 16 37
947 13 40
945 16 39
944 16 40
942 19 39
941 21 38
941 23 36
941 24 35
938 25 37
936 25 39
933 28 39
932 28 40
931 28 41
930 29 41
930 29 41
928 31 41
928 30 42
927 32 41
926 32 42
926 30 44
923 30 47
923 29 48
921 29 50
916 33 51
916 32 52
913 32 55
912 32 56
912 33 55
909 37 54
908 39 53
908 40 52
908 40 52
905 42 53
905 39 56
905 41 54
903 41 56
903 43 54
902 43 55
900 43 57
899 42 59
898 44 58
896 43 61
895 43 62
894 43 63
891 43 66
889 43 68
889 42 69
887 42 71
884 44 72
883 44 73
879 47 74
875 52 73
872 56 72
868 59 73
868 59 73
866 56 78
865 62 73
864 59 77
863 56 81
860 55 85
858 56 86
857 64 79
855 66 79
854 67 79
846 71 83
844 71 85
843 67 90
841 62 97
838 65 97
837 65 98
836 68 96
832 71 97
827 73 100
826 76 98
825 75 100
822 77 101
819 74 107
817 76 107
815 76 109
814 74 112
813 74 113
810 77 113
808 79 113
808 78 114
804 77 119
800 76 124
798 79 123
793 84 123
791 85 124
787 90 123
783 91 126
780 96 124
778 93 129
776 94 130
769 101 130
766 98 136
763 109 128
759 112 129
755 115 130
754 117 129
750 120 130
745 117 138
738 122 140
733 124 143
730 123 147
728 126 146
727 121 152
725 120 155
717 133 150
715 130 155
709 134 157
707 132 161
706 128 166
702 126 172
697 126 177
692 130 178
691 128 181
687 133 180
685 131 184
682 133 185
680 137 183
677 140 183
676 142 182
670 147 183
667 143 190
665 141 194
664 139 197
662 140 198
658 140 202
652 143 205
648 145 207
641 147 212
638 152 210
637 154 209
634 153 213
632 158 210
632 154 214
629 162 209
625 161 214
621 166 213
617 174 209
617 178 205
614 178 208
611 189 200
608 201 191
607 188 205
606 189 205
604 190 206
600 189 211
599 185 216
596 184 220
594 185 221
590 187 223
584 186 230
580 192 228
574 195 231
574 192 234
572 193 235
571 191 238
571 179 250
570 181 249
567 191 242
566 194 240
564 207 229
564 202 234
561 204 235
559 197 244
552 206 242
550 206 244
547 207 246
547 202 251
546 195 259
546 197 257
544 199 257
543 204 253
541 208 251
540 213 247
537 197 266
537 187 276
531 194 275
531 198 271
529 203 268
526 200 274
525 202 273
524 193 283
520 201 279
517 203 280
514 208 278
511 211 278
511 210 279
506 209 285
503 207 290
500 213 287
498 217 285
498 211 291
496 201 303
493 199 308
492 204 304
492 204 304
492 203 305
489 207 304
489 195 316
488 187 325
486 184 330
484 186 330
475 188 337
472 194 334
467 203 330
464 197 339
464 200 336
460 204 336
458 204 338
457 203 340
456 199 345
454 197 349
453 189 358
451 195 354
449 200 351
446 202 352
443 205 352
443 202 355
438 198 364
436 188 376
432 191 377
427 189 384
422 201 377
420 205 375
419 206 375
416 210 374
412 217 371
409 213 378
405 218 377
403 224 373
402 219 379
401 216 383
394 219 387
388 224 388
385 227 388
384 226 390
384 218 398
381 215 404
379 207 414
377 213 410
374 212 414
372 214 414
370 213 417
366 222 412
362 227 411
362 220 418
358 231 411
357 227 416
354 229 417
353 226 421
349 232 419
344 237 419
344 232 424
341 226 433
337 229 434
334 225 441
331 224 445
329 226 445
325 229 446
322 226 452
317 227 456
312 229 459
310 228 462
307 228 465
304 242 454
302 241 457
301 234 465
300 232 468
298 234 468
295 236 469
294 235 471
292 231 477
291 224 485
288 226 486
285 227 488
285 226 489
281 233 486
278 231 491
274 227 499
272 217 511
269 217 514
268 209 523
264 211 525
262 219 519
260 219 521
258 221 521
256 227 517
249 232 519
246 237 517
243 237 520
242 235 523
240 232 528
238 232 530
237 236 527
229 238 533
228 234 538
223 241 536
220 255 525
218 258 524
213 263 524
213 262 525
212 263 525
210 266 524
209 263 528
204 267 529
202 274 524
201 281 518
197 289 514
195 280 525
192 286 522
190 291 519
190 290 520
189 295 516
186 286 528
185 286 529
182 288 530
182 293 525
180 288 532
177 295 528
176 288 536
174 290 536
173 283 544
169 281 550
169 282 549
168 282 550
167 278 555
167 279 554
167 268 565
162 269 569
159 273 568
155 275 570
149 276 575
144 284 572
143 283 574
139 291 570
133 303 564
133 303 564
130 300 570
129 293 578
128 292 580
125 295 580
124 290 586
124 283 593
121 287 592
118 292 590
117 284 599
116 286 598
115 282 603
112 289 599
111 284 605
108 282 610
106 289 605
105 299 596
104 302 594
102 308 590
100 312 588
100 310 590
97 318 585
95 323 582
93 325 582
93 324 583
92 331 577
91 328 581
89 332 579
88 334 578
86 331 583
85 324 591
83 305 612
80 309 611
80 306 614
80 302 618
80 296 624
79 302 619
79 303 618
78 314 608
77 310 613
76 315 609
76 312 612
75 314 611
75 318 607
74 318 608
73 328 599
72 337 591
70 326 604
69 321 610
67 327 606
67 336 597
67 328 605
66 328 606
63 319 618
62 313 625
62 316 622
60 315 625
59 312 629
58 291 651
58 284 658
57 285 658
57 276 667
57 279 664
56 292 652
55 292 653
54 282 664
54 279 667
54 286 660
53 291 656
53 288 659
50 287 663
49 276 675
49 279 672
49 278 673
48 283 669
47 283 670
47 279 674
47 279 674
47 281 672
46 271 683
46 279 675
46 279 675
46 278 676
44 277 679
44 275 681
44 268 688
44 263 693
44 257 699
42 259 699
42 257 701
42 275 683
40 275 685
40 279 681
40 272 688
40 266 694
40 273 687
40 264 696
40 263 697
40 279 681
40 277 683
40 280 680
40 288 672
40 293 667
38 291 671
38 292 670
38 290 672
38 283 679
38 278 684
38 278 684
38 285 677
38 281 681
38 280 682
38 287 675
37 282 681
37 278 685
37 279 684
36 281 683
36 271 693
35 276 689
35 277 688
34 286 680
31 285 684
30 290 680
28 284 688
28 289 683
28 286 686
26 288 686
26 288 686
26 292 682
26 297 677
26 293 681
24 285 691
24 291 685
24 299 677
24 300 676
24 303 673
24 294 682
24 286 690
24 282 694
24 286 690
24 277 699
24 265 711
24 260 716
24 255 721
24 254 722
24 248 728
24 255 721
24 253 723
24 254 722
24 246 730
24 245 731
24 253 723
23 261 716
23 266 711
23 269 708
22 264 714
20 275 705
20 283 697
20 279 701
19 275 706
18 277 705
18 279 703
16 280 704
15 280 705
15 280 705
15 273 712
15 274 711
15 278 707
13 281 706
12 286 702
12 291 697
12 287 701
12 290 698
12 296 692
12 299 689
12 298 690
12 298 690
12 295 693
12 295 693
12 299 689
11 299 690
11 299 690
10 298 692
9 290 701
9 298 693
9 296 695
9 293 698
9 301 690
8 297 695
6 296 698
6 302 692
6 307 687
6 311 683
5 306 689
5 306 689
5 312 683
5 303 692
5 294 701
5 292 703
5 288 707
5 289 706
5 291 704
5 280 715
5 282 713
5 283 712
4 285 711
4 285 711
4 291 705
4 295 701
4 292 704
4 294 702
4 289 707
4 283 713
4 279 717
4 278 718
4 271 725
4 272 724
4 268 728
4 273 723
4 277 719
4 263 733
4 269 727
4 255 741
4 247 749
4 245 751
3 252 745
3 250 747
3 258 739
3 262 735
3 267 730
3 282 715
3 276 721
3 278 719
3 275 722
3 272 725
3 278 719
3 286 711
3 290 707
3 301 696
3 297 700
3 295 702
3 296 701
3 297 700
3 292 705
2 300 698
2 288 710
2 285 713
2 281 717
1 280 719
1 283 716
1 284 715
1 287 712
1 281 718
1 276 723
1 273 726
1 273 726
1 272 727
1 273 726
1 280 719
1 275 724
1 276 723
1 286 713
1 297 702
1 296 703
0 302 698
0 295 705
0 294 706
0 297 703
0 293 707
0 301 699
0 305 695
0 299 701
0 301 699
0 303 697
0 298 702
0 304 696
0 299 701
0 296 704
0 299 701
0 292 708
0 285 715
0 287 713
0 276 724
0 278 722
0 284 716
0 279 721
0 272 728
0 275 725
0 278 722
0 278 722
0 279 721
0 270 730
0 263 737
0 272 728
0 264 736
0 270 730
0 266 734
0 268 732
0 268 732
0 270 730
0 257 743
0 262 738
0 267 733
0 278 722
0 270 730
0 271 729
0 273 727
0 281 719
0 272 728
0 272 728
0 274 726
0 279 721
0 284 716
0 280 720
0 272 728
0 280 720
0 291 709
0 287 713
0 287 713
0 281 719
0 282 718
0 280 720
0 282 718
0 277 723
0 283 717
0 280 720
0 282 718
0 283 717
0 289 711
0 297 703
0 287 713
0 288 712
0 281 719
0 275 725
0 267 733
0 273 727
0 266 734
0 261 739
0 265 735
0 267 733
0 267 733
0 271 729
0 261 739
0 263 737
0 259 741
0 276 724
0 279 721
0 276 724
0 276 724
0 283 717
0 279 721
0 277 723
0 283 717
0 270 730
0 270 730
0 270 730
0 263 737
0 260 740
0 266 734
0 261 739
0 252 748
0 257 743
0 253 747
0 258 742
0 257 743
0 260 740
0 254 746
0 253 747
0 254 746
0 262 738
0 262 738
0 262 738
0 265 735
0 263 737
0 268 732
0 266 734
0 263 737
0 261 739
0 275 725
0 280 720
0 284 716
0 283 717
0 284 716
0 282 718
0 284 716
0 285 715
0 297 703
0 298 702
0 301 699
0 302 698
0 296 704
0 305 695
0 302 698
0 316 684
0 307 693
0 301 699
0 308 692
0 320 680
0 323 677
0 315 685
0 323 677
0 318 682
0 322 678
0 315 685
0 313 687
0 314 686
0 310 690
0 308 692
0 297 703
0 290 710
0 296 704
0 304 696
0 295 705
0 293 707
0 290 710
0 284 716
0 285 715
0 283 717
0 280 720
0 288 712
0 287 713
0 290 710
0 296 704
0 291 709
0 286 714
0 280 720
0 272 728
0 277 723
0 282 718
0 274 726
0 276 724
0 270 730
0 264 736
0 268 732
0 267 733
0 267 733
0 258 742
0 253 747
0 262 738
0 259 741
0 263 737
0 268 732
0 268 732
0 257 743
0 252 748
0 257 743
0 255 745
0 267 733
0 259 741
0 264 736
0 265 735
0 267 733
0 259 741
0 260 740
0 255 745
0 255 745
0 256 744
0 258 742
0 252 748
0 255 745
0 263 737
0 259 741
0 250 750
0 251 749
0 254 746
0 258 742
0 260 740
0 275 725
0 285 715
0 275 725
0 281 719
0 284 716
0 278 722
0 285 715
0 289 711
0 284 716
0 274 726
0 276 724
0 282 718
0 282 718
0 278 722
0 271 729
0 261 739
0 252 748
0 244 756
0 241 759
0 233 767
0 229 771
0 222 778
0 221 779
0 218 782
0 228 772
0 226 774
0 225 775
0 223 777
0 225 775
0 231 769
0 227 773
0 221 779
0 226 774
0 230 770
0 231 769
0 238 762
0 239 761
0 241 759
0 233 767
0 237 763
0 233 767
0 233 767
0 230 770
0 235 765
0 233 767
0 229 771
0 236 764
0 240 760
0 237 763
0 230 770
0 229 771
0 222 778
0 221 779
0 220 780
0 217 783
0 228 772
0 226 774
0 227 773
0 236 764
0 227 773
0 229 771
0 225 775
0 226 774
0 218 782
0 219 781
0 225 775
0 225 775
0 225 775
0 229 771
0 231 769
0 233 767
0 240 760
0 233 767
0 234 766
0 237 763
0 240 760
0 242 758
0 231 769
0 238 762
0 243 757
0 239 761
0 240 760
0 250 750
0 254 746
0 252 748
0 253 747
0 245 755
0 242 758
0 240 760
0 233 767
0 228 772
0 225 775
0 237 763
0 232 768
0 217 783
0 219 781
0 232 768
0 231 769
0 219 781
0 220 780
0 219 781
0 222 778
0 220 780
0 220 780
0 221 779
0 226 774
0 231 769
0 218 782
0 221 779
0 224 776
0 227 773
0 223 777
0 225 775
0 226 774
0 224 776
0 226 774
0 227 773
0 231 769
0 241 759
0 249 751
0 247 753
0 244 756
0 247 753
0 251 749
0 248 752
0 246 754
0 243 757
0 240 760
0 231 769
0 237 763
0 244 756
0 252 748
0 243 757
0 236 764
0 228 772
0 227 773
0 230 770
0 234 766
0 234 766
0 240 760
0 246 754
0 243 757
0 244 756
0 258 742
0 255 745
0 258 742
0 247 753
0 247 753
0 244 756
0 240 760
0 241 759
0 247 753
0 245 755
0 236 764
0 236 764
0 231 769
0 235 765
0 231 769
0 221 779
0 221 779
0 211 789
0 205 795
0 202 798
0 206 794
0 215 785
0 219 781
0 217 783
0 214 786
0 211 789
0 219 781
0 223 777
0 224 776
0 225 775
0 231 769
0 241 759
0 242 758
0 247 753
0 255 745
0 251 749
0 253 747
0 250 750
0 248 752
0 251 749
0 250 750
0 243 757
0 243 757
0 244 756
0 241 759
0 239 761
0 233 767
0 237 763
0 234 766
0 234 766
0 234 766
0 228 772
0 221 779
0 218 782
0 216 784
0 214 786
0 209 791
0 223 777
0 212 788
0 210 790
0 208 792
0 216 784
0 212 788
0 212 788
0 208 792
0 209 791
0 211 789
0 222 778
0 231 769
0 232 768
0 235 765
0 239 761
