999 1 0
999 1 0
999 1 0
999 1 0
999 1 0
998 2 0
998 2 0
998 2 0
998 2 0
998 2 0
998 2 0
998 2 0
998 2 0
998 2 0
998 2 0
998 1 1
998 1 1
998 1 1
997 2 1
997 2 1
997 1 2
997 1 2
997 1 2
997 1 2
997 1 2
997 1 2
997 1 2
997 1 2
997 1 2
997 1 2
997 1 2
997 1 2
997 1 2
997 0 3
997 0 3
997 0 3
997 0 3
997 0 3
997 0 3
997 0 3
997 0 3
997 0 3
997 0 3
997 0 3
997 0 3
997 0 3
997 0 3
997 0 3
997 0 3
997 0 3
997 0 3
997 0 3
997 0 3
997 0 3
997 0 3
997 0 3
997 0 3
997 0 3
997 0 3
997 0 3
997 0 3
997 0 3
997 0 3
997 0 3
997 0 3
997 0 3
997 0 3
997 0 3
997 0 3
997 0 3
997 0 3
997 0 3
997 0 3
997 0 3
997 0 3
997 0 3
997 0 3
997 0 3
997 0 3
997 0 3
997 0 3
997 0 3
997 0 3
997 0 3
997 0 3
997 0 3
997 0 3
997 0 3
997 0 3
997 0 3
997 0 3
997 0 3
997 0 3
997 0 3
997 0 3
997 0 3
997 0 3
997 0 3
997 0 3
997 0 3
997 0 3
997 0 3
