997 3 0
995 5 0
994 6 0
994 6 0
994 6 0
994 6 0
994 6 0
993 7 0
991 9 0
990 10 0
990 10 0
988 12 0
988 12 0
988 12 0
987 13 0
985 13 2
984 11 5
982 14 4
982 14 4
982 14 4
982 14 4
982 15 3
981 15 4
981 14 5
980 15 5
980 14 6
979 15 6
977 15 8
974 18 8
968 24 8
967 26 7
967 23 10
966 22 12
965 21 14
965 22 13
964 24 12
963 25 12
962 24 14
962 24 14
960 25 15
960 24 16
959 24 17
956 27 17
956 27 17
955 22 23
954 21 25
954 21 25
953 22 25
952 22 26
948 27 25
945 27 28
942 32 26
942 31 27
940 34 26
939 35 26
937 37 26
935 39 26
933 39 28
931 41 28
929 41 30
928 40 32
927 41 32
926 44 30
923 47 30
923 44 33
923 43 34
922 42 36
921 43 36
921 42 37
918 45 37
915 51 34
912 54 34
908 58 34
904 62 34
904 58 38
902 61 37
900 62 38
899 60 41
897 57 46
896 59 45
896 60 44
895 61 44
895 59 46
894 57 49
894 60 46
893 58 49
892 51 57
888 55 57
887 48 65
887 48 65
884 52 64
882 56 62
879 59 62
878 60 62
876 60 64
875 63 62
874 63 63
873 66 61
872 66 62
870 69 61
869 64 67
869 63 68
869 60 71
868 57 75
867 59 74
865 57 78
863 54 83
863 55 82
859 54 87
859 49 92
857 51 92
857 52 91
856 52 92
856 52 92
854 52 94
854 50 96
852 52 96
851 54 95
851 53 96
850 53 97
848 50 102
845 52 103
842 52 106
842 51 107
842 52 106
840 51 109
840 51 109
840 50 110
838 53 109
838 51 111
836 52 112
836 51 113
832 55 113
830 57 113
829 56 115
828 56 116
828 54 118
827 54 119
827 54 119
827 56 117
827 55 118
827 55 118
826 55 119
826 53 121
824 50 126
823 52 125
823 55 122
823 52 125
821 52 127
816 57 127
815 59 126
814 62 124
813 61 126
812 61 127
812 62 126
811 66 123
809 68 123
809 69 122
807 72 121
805 77 118
805 76 119
803 71 126
802 74 124
800 74 126
799 70 131
798 69 133
796 68 136
796 67 137
796 66 138
796 67 137
796 65 139
794 66 140
794 61 145
793 60 147
791 53 156
790 53 157
785 60 155
785 56 159
783 56 161
782 53 165
781 50 169
778 48 174
777 47 176
777 46 177
777 45 178
776 43 181
775 38 187
773 43 184
773 43 184
772 44 184
772 44 184
771 43 186
770 39 191
766 44 190
764 46 190
761 48 191
761 45 194
760 44 196
758 47 195
752 52 196
752 51 197
751 54 195
749 52 199
743 55 202
739 61 200
736 62 202
736 61 203
733 62 205
733 54 213
733 53 214
733 51 216
732 53 215
730 54 216
730 55 215
730 46 224
730 45 225
729 48 223
729 45 226
729 40 231
726 37 237
724 29 247
724 30 246
724 32 244
722 35 243
722 34 244
722 35 243
720 36 244
719 36 245
719 36 245
719 36 245
719 37 244
719 39 242
716 45 239
715 48 237
715 45 240
713 47 240
711 48 241
710 50 240
710 46 244
708 47 245
708 46 246
707 47 246
706 49 245
704 49 247
701 52 247
701 52 247
701 47 252
701 47 252
701 42 257
701 45 254
701 44 255
699 45 256
698 44 258
697 47 256
697 44 259
696 47 257
696 45 259
695 46 259
691 49 260
689 49 262
689 51 260
689 50 261
687 52 261
683 56 261
680 61 259
676 60 264
675 61 264
675 58 267
674 56 270
674 54 272
672 56 272
670 59 271
668 59 273
666 57 277
663 63 274
662 63 275
656 69 275
655 71 274
652 71 277
651 68 281
648 69 283
645 74 281
644 73 283
644 74 282
642 80 278
640 81 279
639 82 279
637 81 282
637 76 287
634 74 292
630 72 298
630 68 302
630 68 302
629 65 306
628 65 307
627 66 307
626 63 311
625 61 314
623 62 315
622 61 317
621 55 324
621 55 324
620 56 324
618 56 326
618 54 328
616 53 331
616 51 333
616 50 334
616 51 333
616 51 333
613 50 337
612 46 342
611 47 342
611 46 343
609 48 343
609 45 346
608 46 346
608 47 345
608 45 347
607 46 347
607 45 348
607 47 346
606 48 346
606 46 348
605 46 349
605 43 352
605 43 352
604 42 354
603 44 353
602 45 353
602 50 348
600 52 348
599 52 349
599 53 348
599 52 349
598 53 349
597 54 349
597 55 348
597 52 351
595 53 352
595 53 352
595 51 354
594 53 353
594 49 357
593 49 358
593 49 358
593 48 359
592 45 363
591 44 365
591 45 364
591 41 368
590 41 369
590 38 372
589 41 370
588 43 369
586 42 372
585 45 370
585 44 371
585 44 371
584 43 373
583 42 375
583 42 375
582 42 376
582 45 373
580 48 372
578 50 372
577 51 372
574 51 375
573 54 373
573 49 378
570 50 380
569 51 380
568 51 381
565 53 382
564 56 380
562 60 378
561 59 380
559 58 383
558 56 386
558 58 384
558 51 391
557 51 392
556 49 395
554 46 400
554 48 398
552 52 396
548 51 401
547 56 397
547 53 400
547 50 403
545 49 406
545 46 409
545 43 412
545 43 412
542 45 413
541 44 415
541 47 412
541 45 414
541 47 412
540 50 410
538 52 410
536 52 412
535 48 417
535 44 421
534 46 420
533 46 421
530 49 421
528 53 419
528 53 419
527 55 418
526 53 421
525 51 424
522 54 424
520 58 422
516 61 423
514 57 429
511 58 431
510 57 433
510 56 434
510 59 431
510 59 431
506 65 429
505 63 432
504 63 433
502 66 432
499 67 434
498 67 435
498 65 437
496 62 442
494 60 446
493 58 449
491 57 452
491 59 450
490 60 450
488 63 449
487 62 451
486 58 456
483 60 457
481 60 459
479 63 458
478 60 462
475 61 464
473 63 464
468 65 467
465 65 470
465 64 471
465 65 470
464 68 468
464 70 466
464 70 466
463 66 471
461 71 468
458 74 468
458 69 473
458 68 474
456 69 475
455 69 476
453 70 477
450 71 479
446 74 480
442 78 480
440 77 483
440 77 483
438 78 484
436 80 484
433 82 485
430 83 487
428 84 488
427 84 489
425 85 490
420 89 491
419 90 491
417 92 491
415 93 492
413 85 502
412 86 502
410 86 504
408 89 503
407 84 509
407 86 507
406 80 514
405 82 513
403 83 514
401 86 513
398 84 518
395 80 525
393 83 524
393 81 526
393 80 527
393 80 527
391 83 526
389 89 522
389 86 525
387 83 530
383 88 529
383 85 532
383 84 533
380 80 540
379 82 539
378 78 544
376 76 548
376 74 550
375 71 554
375 73 552
373 75 552
370 73 557
367 73 560
367 72 561
366 74 560
366 70 564
364 68 568
363 73 564
363 72 565
361 69 570
361 66 573
359 69 572
359 67 574
359 68 573
359 67 574
358 66 576
357 67 576
356 63 581
354 65 581
352 64 584
352 71 577
351 80 569
351 76 573
349 78 573
346 84 570
343 93 564
342 96 562
339 101 560
338 98 564
337 101 562
337 104 559
336 107 557
335 109 556
334 111 555
334 110 556
334 103 563
333 99 568
331 97 572
330 102 568
327 99 574
327 93 580
326 88 586
326 85 589
326 87 587
326 92 582
326 92 582
326 91 583
326 82 592
326 78 596
325 78 597
324 83 593
323 88 589
323 87 590
322 86 592
321 84 595
320 82 598
320 78 602
320 80 600
317 82 601
316 82 602
316 75 609
316 75 609
316 73 611
315 75 610
315 80 605
315 80 605
315 75 610
315 72 613
315 68 617
315 67 618
314 67 619
313 68 619
313 71 616
310 71 619
309 76 615
309 72 619
308 77 615
308 78 614
308 77 615
307 72 621
307 69 624
305 68 627
304 71 625
304 73 623
304 75 621
303 73 624
303 72 625
303 71 626
302 69 629
301 69 630
301 66 633
299 60 641
299 57 644
298 58 644
298 56 646
297 59 644
296 61 643
296 60 644
296 53 651
296 55 649
295 52 653
294 55 651
294 55 651
294 55 651
294 51 655
294 51 655
293 54 653
293 54 653
293 57 650
292 60 648
290 65 645
289 61 650
289 57 654
288 61 651
287 62 651
287 67 646
285 66 649
285 65 650
285 69 646
284 70 646
282 77 641
281 72 647
279 76 645
276 80 644
276 76 648
275 74 651
275 70 655
274 74 652
273 75 652
272 74 654
272 74 654
271 74 655
271 74 655
271 72 657
270 72 658
268 67 665
268 66 666
268 65 667
268 63 669
268 58 674
267 58 675
267 58 675
266 60 674
266 56 678
266 59 675
265 63 672
265 61 674
265 56 679
265 55 680
265 54 681
264 56 680
264 55 681
264 55 681
264 50 686
262 52 686
262 49 689
260 53 687
260 57 683
259 56 685
257 56 687
257 52 691
257 48 695
257 48 695
257 47 696
257 50 693
257 46 697
256 46 698
253 49 698
251 50 699
250 53 697
246 55 699
245 59 696
245 53 702
245 54 701
245 56 699
244 58 698
244 57 699
244 57 699
243 60 697
243 61 696
243 64 693
243 64 693
243 62 695
242 63 695
242 63 695
242 62 696
241 58 701
241 54 705
238 58 704
236 60 704
235 56 709
234 58 708
233 65 702
232 67 701
232 65 703
231 62 707
229 66 705
229 65 706
228 65 707
228 67 705
228 67 705
228 62 710
227 68 705
226 71 703
226 68 706
226 67 707
226 68 706
226 69 705
226 70 704
224 75 701
223 79 698
223 72 705
221 73 706
219 72 709
217 78 705
215 78 707
213 81 706
212 85 703
210 79 711
208 80 712
207 80 713
207 80 713
207 76 717
206 75 719
206 67 727
205 63 732
205 65 730
204 64 732
202 66 732
198 65 737
196 65 739
195 62 743
191 65 744
191 64 745
191 62 747
191 60 749
190 61 749
189 69 742
188 69 743
188 72 740
188 75 737
188 71 741
187 77 736
185 79 736
185 77 738
184 74 742
184 72 744
183 71 746
182 71 747
181 70 749
180 73 747
178 70 752
178 68 754
176 70 754
174 72 754
172 72 756
172 73 755
171 69 760
171 70 759
168 72 760
168 75 757
168 74 758
166 76 758
164 79 757
164 74 762
163 77 760
163 73 764
162 72 766
162 69 769
159 69 772
158 72 770
156 73 771
155 78 767
152 83 765
151 86 763
150 92 758
149 94 757
148 101 751
148 98 754
145 100 755
143 107 750
143 110 747
140 115 745
140 115 745
137 115 748
136 117 747
135 110 755
135 110 755
135 103 762
133 107 760
133 105 762
130 101 769
129 98 773
129 99 772
129 102 769
128 101 771
126 100 774
126 102 772
126 98 776
126 98 776
125 100 775
124 101 775
123 103 774
123 111 766
122 119 759
121 110 769
121 108 771
121 108 771
121 114 765
121 113 766
120 120 760
118 125 757
116 129 755
115 127 758
113 129 758
110 132 758
110 142 748
109 145 746
109 134 757
109 124 767
109 124 767
109 124 767
109 124 767
109 127 764
109 122 769
109 119 772
109 114 777
109 118 773
108 117 775
108 114 778
108 115 777
106 113 781
106 108 786
106 111 783
105 115 780
105 120 775
104 118 778
104 124 772
104 120 776
104 118 778
104 116 780
104 108 788
104 106 790
104 96 800
104 97 799
104 100 796
103 96 801
103 94 803
101 92 807
101 87 812
101 88 811
101 83 816
101 81 818
101 93 806
101 93 806
100 95 805
100 100 800
100 101 799
100 103 797
100 101 799
100 97 803
100 94 806
100 95 805
98 93 809
98 97 805
98 99 803
98 100 802
97 101 802
97 90 813
96 84 820
96 94 810
95 97 808
94 100 806
94 98 808
94 99 807
94 105 801
94 104 802
94 107 799
92 103 805
92 101 807
91 104 805
91 103 806
91 107 802
91 110 799
91 113 796
90 107 803
90 97 813
89 94 817
88 95 817
88 98 814
87 96 817
87 94 819
87 96 817
87 97 816
87 97 816
87 94 819
87 95 818
87 91 822
87 88 825
87 93 820
87 98 815
86 105 809
85 108 807
85 106 809
85 102 813
85 99 816
85 96 819
83 98 819
83 93 824
83 91 826
83 93 824
82 93 825
82 92 826
82 97 821
82 90 828
81 88 831
81 89 830
81 84 835
81 79 840
80 80 840
80 87 833
80 86 834
80 92 828
79 99 822
79 101 820
78 101 821
78 98 824
77 101 822
76 97 827
76 93 831
76 93 831
76 87 837
76 84 840
76 85 839
76 89 835
76 86 838
76 83 841
76 78 846
76 76 848
76 70 854
75 76 849
74 77 849
74 76 850
74 80 846
73 82 845
73 88 839
73 85 842
73 87 840
73 83 844
73 87 840
73 81 846
73 81 846
73 82 845
73 81 846
71 79 850
71 80 849
71 80 849
71 77 852
71 74 855
71 70 859
71 69 860
71 68 861
70 69 861
70 68 862
70 74 856
70 77 853
70 74 856
69 73 858
67 78 855
67 78 855
67 75 858
67 72 861
67 70 863
67 72 861
67 71 862
67 79 854
67 81 852
67 79 854
67 80 853
67 72 861
67 68 865
67 70 863
67 75 858
67 74 859
66 79 855
66 80 854
66 81 853
66 78 856
66 76 858
66 75 859
66 71 863
66 75 859
66 76 858
66 72 862
66 77 857
66 77 857
66 81 853
66 79 855
66 77 857
66 77 857
66 68 866
66 69 865
66 69 865
66 70 864
66 73 861
66 78 856
66 76 858
66 70 864
66 73 861
66 69 865
66 69 865
66 66 868
65 66 869
65 66 869
65 61 874
65 63 872
65 70 865
65 66 869
65 66 869
65 63 872
65 65 870
65 62 873
65 65 870
65 64 871
65 65 870
65 68 867
65 67 868
65 64 871
64 62 874
64 66 870
64 67 869
64 63 873
64 61 875
64 59 877
64 57 879
64 52 884
64 48 888
63 45 892
63 46 891
63 47 890
63 45 892
63 43 894
63 45 892
63 42 895
63 39 898
63 38 899
63 40 897
63 39 898
63 43 894
63 45 892
63 46 891
63 47 890
63 47 890
63 44 893
63 43 894
63 43 894
63 42 895
63 39 898
63 39 898
63 41 896
63 43 894
63 43 894
63 39 898
63 35 902
63 36 901
63 36 901
63 36 901
63 35 902
63 37 900
63 37 900
63 39 898
63 42 895
63 43 894
63 45 892
63 49 888
63 49 888
63 52 885
63 54 883
63 55 882
63 57 880
63 62 875
63 67 870
63 66 871
63 66 871
63 69 868
63 70 867
63 70 867
63 76 861
63 79 858
63 78 859
63 80 857
63 83 854
63 81 856
63 86 851
63 85 852
63 80 857
63 78 859
63 76 861
63 77 860
62 76 862
62 78 860
62 72 866
62 68 870
62 62 876
62 65 873
62 65 873
62 68 870
62 66 872
61 72 867
61 72 867
61 72 867
61 77 862
61 74 865
61 79 860
61 78 861
61 80 859
61 83 856
61 84 855
60 85 855
60 86 854
60 80 860
60 75 865
60 75 865
60 71 869
60 67 873
59 68 873
58 68 874
58 71 871
58 66 876
58 67 875
58 68 874
58 73 869
58 72 870
58 70 872
58 73 869
58 73 869
57 74 869
57 75 868
57 72 871
57 75 868
57 73 870
57 72 871
57 76 867
57 74 869
57 77 866
57 75 868
57 73 870
57 68 875
57 71 872
57 68 875
57 69 874
56 70 874
56 69 875
56 69 875
55 66 879
55 70 875
55 63 882
54 60 886
54 62 884
54 60 886
54 62 884
54 58 888
54 55 891
54 52 894
54 52 894
52 55 893
52 53 895
52 55 893
52 59 889
52 58 890
52 55 893
52 52 896
52 52 896
52 53 895
52 52 896
52 53 895
52 53 895
52 55 893
52 56 892
50 57 893
50 60 890
50 58 892
50 56 894
49 60 891
49 61 890
49 66 885
49 70 881
49 75 876
49 77 874
49 75 876
49 83 868
48 86 866
48 90 862
48 90 862
48 87 865
48 90 862
47 91 862
47 90 863
47 90 863
46 92 862
46 86 868
46 87 867
46 92 862
46 90 864
46 94 860
46 90 864
46 82 872
46 80 874
46 77 877
46 80 874
46 78 876
46 79 875
46 79 875
46 79 875
46 79 875
46 78 876
46 78 876
46 72 882
46 68 886
46 66 888
46 65 889
46 67 887
46 63 891
46 64 890
46 67 887
46 65 889
46 65 889
45 64 891
45 59 896
44 63 893
44 61 895
44 61 895
44 62 894
44 56 900
44 60 896
44 59 897
44 57 899
44 53 903
44 50 906
44 47 909
44 45 911
44 46 910
44 45 911
43 52 905
43 50 907
43 52 905
43 54 903
43 54 903
43 55 902
43 52 905
43 55 902
43 57 900
43 58 899
43 63 894
43 67 890
43 70 887
43 71 886
43 69 888
43 65 892
43 67 890
43 63 894
43 59 898
43 57 900
43 59 898
43 55 902
43 55 902
43 54 903
43 59 898
43 64 893
42 62 896
41 61 898
40 62 898
40 60 900
39 63 898
39 62 899
39 62 899
39 63 898
39 66 895
39 64 897
39 68 893
39 69 892
39 64 897
39 67 894
39 60 901
39 65 896
39 64 897
39 62 899
39 62 899
39 63 898
39 60 901
39 60 901
39 59 902
39 60 901
39 59 902
39 62 899
39 59 902
39 63 898
38 60 902
38 60 902
38 57 905
38 59 903
37 65 898
37 67 896
37 65 898
37 63 900
37 66 897
37 67 896
37 66 897
36 70 894
36 68 896
36 71 893
36 71 893
36 71 893
36 70 894
36 72 892
36 69 895
36 64 900
36 61 903
36 63 901
36 65 899
36 67 897
35 67 898
35 67 898
35 71 894
34 72 894
32 76 892
32 73 895
32 74 894
32 77 891
32 83 885
32 80 888
32 84 884
31 85 884
31 88 881
30 90 880
30 89 881
29 90 881
29 91 880
29 92 879
29 83 888
29 85 886
29 88 883
29 91 880
28 93 879
28 95 877
28 95 877
28 89 883
28 90 882
28 88 884
28 87 885
28 88 884
27 86 887
27 86 887
27 89 884
27 90 883
27 87 886
27 85 888
27 79 894
27 75 898
27 74 899
27 69 904
27 79 894
27 83 890
27 84 889
27 85 888
27 87 886
27 91 882
27 90 883
27 95 878
27 94 879
27 99 874
27 98 875
27 101 872
27 102 871
27 102 871
27 101 872
27 102 871
27 95 878
27 93 880
27 95 878
27 101 872
27 99 874
27 101 872
27 103 870
27 100 873
27 92 881
27 92 881
27 94 879
27 95 878
27 93 880
27 86 887
27 91 882
27 92 881
27 96 877
27 95 878
27 87 886
27 86 887
27 79 894
27 79 894
27 85 888
27 82 891
27 80 893
27 82 891
27 82 891
26 84 890
26 90 884
26 90 884
26 94 880
26 87 887
26 90 884
26 90 884
26 88 886
26 88 886
25 85 890
25 84 891
25 85 890
25 85 890
25 83 892
24 78 898
24 80 896
24 76 900
24 71 905
24 69 907
24 69 907
24 69 907
24 65 911
24 66 910
24 74 902
24 71 905
24 73 903
24 66 910
24 68 908
24 67 909
24 73 903
24 73 903
23 76 901
23 77 900
23 72 905
23 72 905
23 67 910
23 67 910
23 66 911
23 67 910
23 66 911
23 65 912
23 64 913
23 65 912
23 70 907
23 73 904
23 74 903
23 74 903
23 68 909
23 75 902
23 76 901
23 80 897
23 79 898
23 80 897
23 77 900
23 77 900
23 76 901
23 76 901
23 80 897
23 78 899
23 76 901
23 73 904
23 73 904
23 71 906
23 71 906
23 68 909
23 67 910
23 67 910
23 69 908
23 74 903
23 74 903
23 76 901
23 77 900
23 77 900
23 76 901
23 76 901
23 71 906
23 73 904
23 72 905
23 70 907
23 68 909
23 69 908
23 67 910
23 65 912
23 64 913
23 60 917
23 61 916
23 56 921
23 56 921
23 51 926
23 52 925
23 52 925
23 51 926
23 51 926
23 50 927
23 52 925
23 49 928
23 49 928
23 46 931
23 45 932
23 41 936
23 40 937
23 46 931
23 47 930
23 47 930
23 45 932
23 46 931
23 41 936
23 43 934
23 39 938
23 38 939
23 40 937
23 39 938
22 39 939
22 41 937
22 41 937
22 43 935
22 40 938
22 35 943
22 35 943
22 36 942
22 34 944
22 36 942
22 35 943
22 33 945
22 33 945
22 36 942
22 36 942
22 37 941
22 40 938
22 41 937
22 42 936
22 45 933
22 45 933
22 46 932
22 47 931
22 48 930
22 47 931
22 48 930
22 46 932
22 51 927
22 49 929
22 47 931
22 46 932
22 43 935
22 47 931
22 43 935
22 40 938
22 42 936
22 44 934
22 45 933
22 40 938
22 43 935
22 43 935
22 44 934
22 43 935
22 41 937
22 42 936
22 43 935
22 42 936
22 38 940
22 36 942
22 36 942
22 35 943
22 31 947
22 32 946
22 31 947
22 32 946
22 31 947
22 33 945
22 31 947
22 30 948
22 30 948
22 31 947
22 29 949
22 29 949
22 31 947
22 31 947
22 30 948
22 33 945
22 33 945
22 32 946
22 35 943
22 33 945
22 31 947
22 31 947
22 34 944
22 34 944
22 32 946
22 32 946
22 32 946
21 34 945
20 34 946
20 36 944
19 37 944
19 35 946
19 35 946
19 36 945
19 36 945
19 38 943
19 40 941
19 40 941
19 40 941
19 43 938
19 45 936
19 45 936
19 47 934
19 46 935
19 47 934
19 46 935
19 45 936
19 46 935
19 46 935
19 46 935
19 51 930
19 49 932
19 55 926
19 56 925
19 59 922
19 60 921
19 59 922
19 61 920
19 60 921
19 61 920
19 63 918
19 64 917
19 67 914
19 64 917
19 65 916
19 66 915
19 64 917
19 64 917
19 67 914
19 66 915
19 67 914
19 66 915
19 65 916
19 64 917
19 68 913
19 69 912
19 67 914
19 67 914
19 69 912
19 66 915
19 71 910
19 70 911
19 64 917
19 61 920
19 66 915
19 70 911
19 61 920
19 66 915
19 70 911
19 74 907
19 70 911
19 68 913
19 71 910
19 72 909
18 71 911
18 71 911
18 72 910
18 78 904
18 76 906
18 70 912
18 68 914
18 67 915
18 64 918
17 64 919
17 61 922
17 64 919
17 67 916
17 67 916
17 62 921
17 63 920
17 64 919
17 63 920
17 59 924
17 62 921
17 62 921
17 62 921
17 64 919
17 65 918
17 70 913
17 68 915
17 73 910
17 67 916
17 67 916
17 70 913
17 69 914
17 67 916
17 67 916
17 67 916
17 67 916
17 64 919
17 65 918
