998 2 0
997 3 0
996 4 0
996 4 0
995 5 0
992 8 0
992 8 0
991 9 0
991 9 0
988 12 0
988 12 0
987 13 0
987 13 0
985 15 0
982 18 0
982 17 1
981 17 2
980 18 2
980 18 2
980 18 2
979 16 5
979 17 4
978 18 4
978 18 4
977 18 5
974 20 6
973 20 7
969 26 5
967 27 6
964 28 8
963 30 7
963 30 7
962 28 10
962 28 10
961 29 10
960 30 10
959 30 11
959 31 10
957 32 11
953 37 10
949 38 13
946 41 13
945 36 19
944 35 21
941 40 19
940 41 19
940 41 19
939 41 20
938 44 18
935 48 17
933 46 21
929 51 20
925 56 19
920 62 18
917 61 22
914 62 24
908 68 24
907 69 24
907 70 23
906 69 25
905 67 28
901 64 35
900 68 32
898 72 30
891 78 31
891 76 33
889 79 32
884 78 38
883 78 39
881 74 45
879 71 50
877 69 54
876 74 50
873 75 52
868 81 51
866 85 49
862 90 48
860 90 50
857 91 52
854 96 50
854 95 51
853 94 53
850 95 55
846 99 55
845 97 58
845 101 54
844 101 55
844 97 59
842 100 58
837 105 58
833 103 64
832 106 62
830 106 64
826 112 62
822 107 71
820 107 73
816 105 79
814 108 78
812 110 78
810 109 81
806 111 83
803 110 87
796 122 82
794 121 85
790 119 91
786 125 89
781 128 91
776 136 88
772 139 89
770 139 91
768 140 92
765 142 93
761 144 95
753 148 99
748 156 96
742 161 97
738 162 100
732 164 104
728 168 104
717 178 105
714 172 114
713 172 115
707 171 122
700 170 130
692 182 126
686 193 121
679 195 126
674 201 125
665 205 130
659 207 134
651 210 139
650 208 142
645 214 141
639 224 137
634 225 141
628 231 141
625 235 140
624 240 136
623 244 133
622 249 129
620 244 136
618 235 147
616 232 152
612 226 162
607 222 171
602 233 165
599 246 155
598 243 159
595 249 156
589 244 167
585 239 176
584 239 177
576 242 182
573 239 188
570 239 191
567 249 184
566 248 186
564 251 185
560 258 182
557 265 178
557 259 184
556 255 189
555 248 197
552 251 197
549 254 197
546 258 196
542 265 193
540 259 201
535 268 197
529 266 205
523 270 207
519 275 206
515 274 211
510 282 208
505 278 217
499 291 210
497 287 216
491 288 221
483 289 228
477 301 222
464 314 222
461 320 219
460 319 221
453 314 233
449 314 237
446 308 246
440 315 245
434 320 246
430 328 242
426 329 245
419 329 252
414 330 256
407 339 254
404 343 253
397 350 253
392 344 264
388 346 266
383 353 264
379 373 248
372 387 241
362 406 232
358 403 239
354 409 237
348 411 241
342 418 240
337 417 246
333 418 249
330 428 242
328 418 254
325 412 263
322 392 286
321 393 286
318 396 286
317 396 287
315 389 296
312 397 291
311 387 302
308 375 317
301 380 319
296 375 329
293 380 327
288 391 321
285 390 325
276 400 324
273 413 314
271 427 302
265 427 308
263 411 326
260 408 332
257 403 340
256 391 353
253 390 357
251 396 353
250 392 358
248 397 355
242 402 356
240 399 361
237 395 368
234 404 362
231 384 385
226 382 392
223 389 388
214 404 382
213 404 383
212 414 374
208 433 359
204 441 355
203 437 360
203 435 362
199 426 375
198 431 371
197 429 374
195 433 372
194 425 381
191 432 377
189 432 379
186 428 386
185 426 389
178 425 397
174 421 405
170 412 418
168 413 419
167 409 424
164 409 427
161 416 423
157 415 428
153 417 430
148 433 419
146 428 426
145 433 422
139 438 423
136 444 420
133 434 433
129 438 433
126 437 437
124 435 441
123 422 455
120 429 451
120 425 455
117 427 456
116 436 448
113 445 442
110 440 450
107 440 453
101 446 453
96 451 453
94 450 456
94 465 441
91 467 442
91 459 450
89 457 454
85 468 447
82 468 450
81 467 452
80 471 449
78 475 447
77 460 463
71 459 470
69 453 478
66 454 480
64 451 485
59 453 488
56 442 502
55 448 497
53 453 494
50 459 491
49 474 477
48 480 472
44 492 464
44 501 455
42 505 453
40 503 457
39 500 461
39 500 461
38 498 464
35 503 462
33 502 465
30 491 479
30 488 482
28 492 480
27 502 471
26 496 478
25 491 484
22 489 489
21 484 495
20 475 505
18 488 494
17 483 500
16 489 495
16 483 501
12 471 517
12 457 531
12 472 516
12 479 509
11 485 504
10 473 517
10 460 530
9 450 541
9 467 524
9 458 533
9 463 528
9 465 526
8 461 531
8 463 529
8 458 534
6 469 525
6 479 515
6 478 516
6 468 526
6 469 525
5 467 528
3 478 519
3 483 514
3 475 522
3 479 518
3 474 523
3 474 523
2 478 520
2 474 524
1 480 519
1 473 526
1 467 532
1 469 530
1 461 538
1 462 537
1 461 538
1 455 544
1 463 536
1 460 539
1 452 547
1 445 554
1 450 549
1 454 545
1 448 551
1 451 548
1 453 546
1 458 541
1 451 548
1 449 550
1 460 539
1 468 531
1 473 526
1 478 521
1 483 516
1 482 517
1 494 505
1 504 495
1 502 497
1 502 497
1 507 492
1 503 496
1 511 488
1 514 485
1 522 477
1 530 469
1 514 485
1 512 487
1 505 494
1 499 500
1 496 503
1 496 503
1 480 519
1 490 509
0 481 519
0 485 515
0 479 521
0 482 518
0 484 516
0 476 524
0 473 527
0 463 537
0 480 520
0 483 517
0 487 513
0 482 518
0 487 513
0 489 511
0 483 517
0 476 524
0 479 521
0 483 517
0 487 513
0 474 526
0 468 532
0 482 518
0 477 523
0 475 525
0 480 520
0 473 527
0 470 530
0 484 516
0 483 517
0 478 522
0 479 521
0 471 529
0 467 533
0 464 536
0 467 533
0 471 529
0 481 519
0 488 512
0 484 516
0 489 511
0 490 510
0 488 512
0 486 514
0 486 514
0 480 520
0 487 513
0 487 513
0 484 516
0 480 520
0 479 521
0 473 527
0 469 531
0 462 538
0 456 544
0 447 553
0 436 564
0 434 566
0 442 558
0 425 575
0 434 566
0 438 562
0 430 570
0 425 575
0 430 570
0 431 569
0 432 568
0 426 574
0 420 580
0 424 576
0 434 566
0 444 556
0 451 549
0 436 564
0 431 569
0 432 568
0 439 561
0 434 566
0 435 565
0 444 556
0 459 541
0 467 533
0 479 521
0 486 514
0 480 520
0 481 519
0 475 525
0 466 534
0 478 522
0 486 514
0 487 513
0 481 519
0 491 509
0 493 507
0 491 509
0 488 512
0 481 519
0 471 529
0 474 526
0 471 529
0 482 518
0 480 520
0 480 520
0 487 513
0 501 499
0 506 494
0 495 505
0 476 524
0 480 520
0 482 518
0 488 512
0 497 503
0 511 489
0 501 499
0 503 497
0 505 495
0 510 490
0 513 487
0 511 489
0 503 497
0 494 506
0 499 501
0 515 485
0 510 490
0 519 481
0 497 503
0 495 505
0 487 513
0 500 500
0 505 495
0 508 492
0 504 496
0 501 499
0 487 513
0 495 505
0 502 498
0 496 504
0 495 505
0 493 507
0 490 510
0 503 497
0 509 491
0 509 491
0 499 501
0 495 505
0 496 504
0 495 505
0 493 507
0 503 497
0 506 494
0 510 490
0 501 499
0 502 498
0 502 498
0 509 491
0 516 484
0 509 491
0 510 490
0 512 488
0 506 494
0 509 491
0 500 500
0 497 503
0 505 495
0 496 504
0 487 513
0 491 509
0 502 498
0 489 511
0 493 507
0 479 521
0 480 520
0 484 516
0 487 513
0 494 506
0 484 516
0 475 525
0 475 525
0 476 524
0 476 524
0 479 521
0 477 523
0 477 523
0 461 539
0 459 541
0 462 538
0 458 542
0 454 546
0 450 550
0 455 545
0 456 544
0 459 541
0 472 528
0 479 521
0 482 518
0 474 526
0 483 517
0 484 516
0 491 509
0 494 506
0 498 502
0 502 498
0 504 496
0 513 487
0 518 482
0 520 480
0 519 481
0 521 479
0 513 487
0 498 502
0 507 493
0 502 498
0 509 491
0 515 485
0 512 488
0 515 485
0 518 482
0 514 486
0 509 491
0 504 496
0 503 497
0 515 485
0 535 465
0 535 465
0 552 448
0 554 446
0 545 455
0 536 464
0 527 473
0 523 477
0 520 480
0 519 481
0 522 478
0 529 471
0 531 469
0 543 457
0 523 477
0 513 487
0 503 497
0 492 508
0 496 504
0 510 490
0 504 496
0 516 484
