998 2 0
997 3 0
997 3 0
997 3 0
997 3 0
997 3 0
997 3 0
997 3 0
997 3 0
997 3 0
997 3 0
997 3 0
997 3 0
997 3 0
996 4 0
996 2 2
996 2 2
996 1 3
996 1 3
996 2 2
995 3 2
995 3 2
995 3 2
995 3 2
995 3 2
995 3 2
995 3 2
994 4 2
994 4 2
993 4 3
993 4 3
993 4 3
993 5 2
993 5 2
992 6 2
992 5 3
991 5 4
990 6 4
984 12 4
982 15 3
982 15 3
981 16 3
980 17 3
978 18 4
977 18 5
976 19 5
976 20 4
976 19 5
975 20 5
974 20 6
974 20 6
974 21 5
973 21 6
973 15 12
973 11 16
973 11 16
972 12 16
970 13 17
969 14 17
968 13 19
967 15 18
967 14 19
967 14 19
967 14 19
967 14 19
964 16 20
964 15 21
964 14 22
964 14 22
963 16 21
962 17 21
962 16 22
962 16 22
961 14 25
960 15 25
959 14 27
957 15 28
955 16 29
953 17 30
951 19 30
950 21 29
949 19 32
949 20 31
948 21 31
947 20 33
947 20 33
945 21 34
944 22 34
940 25 35
938 24 38
937 26 37
937 25 38
937 24 39
936 25 39
935 24 41
935 22 43
931 25 44
931 27 42
929 28 43
928 30 42
928 29 43
928 29 43
927 28 45
923 31 46
921 32 47
921 28 51
921 28 51
920 29 51
920 29 51
919 28 53
919 27 54
919 27 54
918 24 58
918 21 61
916 23 61
915 22 63
914 23 63
914 22 64
914 17 69
914 16 70
913 17 70
913 19 68
911 22 67
909 23 68
908 23 69
908 22 70
907 22 71
905 23 72
904 24 72
900 26 74
899 30 71
898 29 73
896 32 72
895 33 72
894 34 72
894 34 72
891 37 72
890 36 74
889 36 75
886 38 76
885 38 77
881 40 79
879 43 78
875 47 78
875 43 82
874 42 84
872 43 85
872 42 86
870 46 84
868 50 82
865 53 82
863 52 85
863 49 88
862 51 87
862 50 88
859 53 88
858 54 88
855 53 92
852 57 91
849 56 95
848 58 94
844 58 98
844 58 98
842 58 100
838 58 104
835 65 100
831 66 103
829 68 103
829 65 106
827 69 104
820 76 104
818 75 107
817 75 108
816 78 106
815 77 108
810 81 109
806 85 109
804 86 110
801 88 111
801 87 112
800 79 121
798 77 125
793 87 120
792 89 119
787 91 122
784 90 126
780 92 128
777 96 127
774 93 133
773 87 140
771 89 140
770 83 147
769 79 152
766 83 151
763 85 152
759 90 151
757 88 155
755 85 160
755 80 165
752 83 165
752 79 169
752 75 173
752 72 176
751 71 178
750 70 180
750 70 180
749 71 180
748 73 179
746 75 179
745 73 182
745 70 185
745 71 184
745 71 184
744 70 186
744 72 184
742 75 183
741 72 187
741 73 186
741 69 190
741 72 187
741 73 186
741 75 184
738 75 187
736 72 192
734 76 190
734 74 192
734 71 195
732 72 196
730 72 198
730 75 195
728 70 202
728 67 205
728 66 206
728 67 205
726 65 209
726 67 207
726 69 205
726 68 206
725 70 205
724 65 211
722 68 210
721 63 216
720 63 217
718 68 214
718 63 219
718 61 221
718 59 223
717 61 222
716 64 220
716 63 221
715 64 221
715 58 227
715 57 228
715 55 230
714 52 234
712 55 233
711 54 235
711 51 238
711 52 237
710 49 241
709 49 242
707 55 238
707 54 239
707 55 238
706 53 241
706 52 242
704 51 245
703 50 247
702 51 247
701 52 247
699 52 249
697 50 253
697 50 253
694 51 255
694 54 252
693 53 254
692 53 255
690 51 259
690 51 259
689 51 260
688 52 260
688 52 260
686 53 261
686 49 265
685 49 266
685 45 270
685 44 271
685 47 268
685 47 268
684 48 268
683 46 271
683 46 271
682 46 272
681 47 272
679 51 270
676 50 274
676 47 277
676 48 276
674 47 279
673 51 276
670 52 278
668 60 272
668 57 275
666 57 277
664 58 278
663 58 279
662 58 280
662 53 285
660 53 287
660 50 290
659 48 293
657 46 297
657 48 295
656 50 294
655 47 298
654 46 300
654 46 300
653 40 307
652 41 307
652 39 309
650 39 311
648 40 312
647 42 311
647 40 313
645 44 311
644 46 310
644 43 313
643 45 312
642 45 313
641 47 312
639 50 311
638 50 312
638 49 313
636 52 312
634 52 314
633 52 315
633 52 315
631 52 317
628 55 317
626 57 317
626 57 317
626 58 316
626 55 319
626 57 317
625 55 320
624 51 325
622 53 325
620 57 323
620 53 327
620 56 324
620 56 324
620 56 324
618 58 324
617 62 321
617 55 328
617 57 326
615 54 331
615 54 331
614 55 331
613 54 333
613 57 330
610 56 334
610 54 336
610 54 336
610 52 338
607 51 342
606 53 341
606 50 344
605 49 346
604 45 351
604 43 353
604 43 353
602 46 352
599 52 349
598 51 351
597 54 349
597 51 352
597 53 350
596 54 350
596 53 351
596 50 354
594 52 354
594 50 356
594 50 356
594 50 356
594 50 356
594 54 352
594 52 354
594 45 361
594 44 362
593 45 362
593 41 366
592 41 367
591 42 367
589 43 368
587 43 370
587 41 372
587 37 376
587 40 373
587 41 372
586 43 371
586 42 372
586 41 373
584 45 371
583 51 366
583 49 368
580 49 371
577 55 368
575 54 371
573 57 370
572 60 368
569 61 370
567 66 367
566 64 370
566 64 370
566 62 372
565 63 372
564 64 372
564 67 369
564 61 375
564 59 377
563 58 379
561 57 382
561 53 386
561 49 390
561 50 389
561 48 391
560 49 391
559 51 390
558 53 389
558 51 391
558 51 391
558 53 389
558 48 394
557 49 394
557 52 391
557 51 392
557 48 395
557 49 394
557 50 393
555 52 393
555 50 395
555 50 395
554 45 401
554 47 399
553 48 399
551 51 398
547 52 401
547 52 401
545 56 399
545 55 400
545 53 402
544 55 401
544 53 403
544 56 400
544 57 399
544 56 400
541 59 400
541 58 401
540 59 401
540 55 405
538 58 404
538 56 406
537 59 404
537 62 401
536 59 405
535 61 404
533 57 410
533 61 406
533 59 408
533 62 405
533 62 405
532 62 406
532 59 409
532 58 410
530 62 408
528 66 406
527 62 411
526 61 413
524 57 419
524 57 419
524 54 422
524 55 421
522 53 425
521 56 423
521 53 426
521 50 429
520 48 432
520 51 429
519 53 428
519 50 431
519 46 435
519 41 440
519 40 441
517 42 441
517 36 447
517 38 445
517 38 445
517 38 445
517 33 450
516 37 447
515 37 448
515 40 445
515 41 444
514 37 449
514 37 449
514 37 449
514 38 448
514 36 450
514 39 447
514 36 450
514 34 452
511 41 448
511 42 447
510 43 447
510 43 447
510 41 449
510 39 451
510 38 452
510 37 453
509 38 453
507 40 453
506 40 454
506 42 452
505 43 452
503 44 453
502 46 452
501 45 454
499 42 459
498 42 460
497 43 460
496 44 460
495 52 453
493 51 456
493 52 455
490 55 455
489 55 456
489 56 455
488 56 456
487 53 460
483 56 461
483 58 459
483 55 462
483 56 461
481 56 463
480 56 464
479 60 461
477 57 466
476 57 467
476 52 472
476 51 473
475 50 475
473 57 470
472 56 472
470 57 473
470 56 474
468 57 475
465 59 476
465 59 476
465 58 477
464 61 475
462 61 477
459 64 477
457 63 480
456 64 480
456 63 481
456 62 482
456 59 485
455 60 485
455 63 482
455 64 481
452 67 481
452 62 486
449 67 484
449 65 486
447 66 487
443 68 489
441 65 494
440 60 500
439 65 496
439 64 497
438 63 499
438 64 498
437 63 500
436 65 499
435 65 500
435 62 503
433 60 507
432 60 508
431 55 514
431 53 516
430 53 517
430 49 521
429 48 523
429 45 526
429 42 529
428 43 529
426 39 535
425 40 535
424 39 537
422 38 540
420 39 541
418 39 543
418 38 544
416 39 545
415 42 543
415 43 542
414 43 543
411 45 544
411 44 545
409 51 540
408 50 542
406 55 539
405 53 542
403 56 541
403 60 537
401 56 543
399 60 541
398 58 544
396 57 547
396 56 548
396 55 549
396 54 550
395 58 547
392 58 550
392 52 556
390 53 557
388 54 558
387 57 556
386 57 557
386 51 563
382 52 566
379 51 570
378 54 568
378 56 566
378 54 568
378 57 565
378 58 564
376 57 567
375 57 568
374 59 567
374 63 563
374 60 566
373 59 568
372 59 569
370 62 568
369 65 566
366 63 571
364 65 571
364 64 572
363 65 572
363 62 575
360 63 577
357 63 580
356 65 579
356 65 579
354 64 582
354 65 581
354 69 577
354 69 577
353 68 579
352 70 578
352 70 578
351 70 579
350 65 585
349 64 587
349 66 585
348 67 585
346 71 583
346 69 585
345 71 584
344 69 587
343 66 591
342 69 589
340 71 589
339 71 590
338 70 592
337 71 592
336 73 591
336 71 593
334 77 589
334 75 591
332 79 589
331 83 586
330 83 587
327 86 587
324 89 587
323 92 585
322 87 591
321 79 600
321 80 599
319 81 600
319 81 600
318 86 596
318 85 597
316 86 598
316 80 604
316 80 604
315 75 610
315 68 617
314 67 619
313 64 623
313 63 624
313 63 624
312 70 618
311 72 617
311 71 618
310 68 622
310 65 625
310 63 627
310 64 626
310 63 627
308 63 629
308 62 630
308 68 624
308 68 624
308 68 624
306 73 621
306 69 625
305 65 630
305 63 632
305 64 631
304 67 629
304 64 632
304 69 627
304 71 625
304 71 625
304 71 625
304 71 625
304 68 628
304 68 628
304 70 626
303 67 630
303 69 628
303 68 629
303 70 627
301 69 630
301 67 632
300 66 634
300 67 633
300 68 632
300 65 635
299 61 640
299 58 643
299 58 643
298 56 646
297 56 647
297 54 649
296 51 653
295 52 653
295 53 652
295 51 654
295 52 653
295 51 654
295 46 659
295 41 664
295 40 665
294 43 663
294 40 666
294 41 665
294 38 668
293 36 671
293 37 670
293 37 670
293 32 675
293 31 676
293 34 673
293 31 676
293 28 679
293 33 674
292 35 673
291 37 672
289 37 674
288 38 674
288 38 674
288 40 672
287 44 669
287 44 669
287 42 671
287 42 671
287 43 670
287 38 675
286 38 676
286 37 677
285 38 677
285 37 678
285 35 680
285 32 683
284 34 682
284 29 687
284 30 686
284 26 690
283 31 686
283 31 686
281 33 686
280 35 685
280 35 685
280 35 685
280 36 684
279 36 685
278 36 686
277 36 687
277 34 689
277 34 689
276 36 688
276 37 687
276 38 686
276 36 688
275 33 692
275 30 695
274 29 697
274 32 694
274 34 692
273 34 693
271 35 694
271 34 695
270 33 697
270 33 697
269 34 697
269 32 699
269 29 702
269 28 703
268 33 699
268 34 698
267 37 696
266 42 692
263 41 696
263 39 698
262 40 698
262 40 698
261 38 701
261 36 703
261 36 703
261 35 704
260 38 702
260 40 700
260 40 700
260 38 702
260 35 705
260 34 706
260 29 711
260 27 713
260 29 711
260 30 710
258 31 711
257 32 711
257 33 710
256 33 711
256 33 711
256 34 710
255 34 711
254 36 710
253 37 710
252 36 712
252 36 712
251 38 711
250 40 710
249 39 712
248 38 714
248 39 713
248 38 714
247 40 713
247 39 714
247 37 716
246 36 718
243 38 719
242 41 717
242 41 717
242 42 716
241 44 715
241 42 717
241 40 719
241 42 717
241 41 718
241 39 720
241 38 721
240 40 720
240 40 720
239 41 720
239 45 716
239 44 717
238 40 722
236 42 722
236 39 725
236 41 723
236 42 722
236 43 721
236 40 724
236 39 725
234 40 726
234 39 727
233 37 730
233 37 730
233 36 731
233 35 732
233 36 731
233 39 728
233 37 730
233 39 728
232 40 728
232 40 728
231 38 731
231 37 732
231 39 730
230 40 730
230 39 731
229 38 733
229 40 731
228 44 728
228 44 728
228 42 730
227 40 733
227 40 733
226 37 737
226 36 738
226 32 742
226 33 741
226 34 740
226 33 741
226 34 740
226 35 739
226 35 739
226 33 741
225 29 746
225 29 746
225 29 746
224 31 745
224 33 743
224 32 744
223 38 739
223 42 735
223 45 732
222 46 732
222 48 730
222 50 728
222 49 729
222 50 728
222 49 729
222 51 727
221 56 723
221 59 720
219 61 720
219 58 723
219 61 720
219 60 721
218 59 723
218 59 723
217 62 721
217 60 723
217 62 721
217 60 723
217 60 723
217 60 723
217 60 723
216 59 725
216 57 727
216 55 729
214 57 729
214 52 734
214 52 734
214 53 733
214 51 735
214 46 740
214 45 741
214 44 742
214 41 745
213 45 742
213 48 739
213 48 739
213 49 738
213 46 741
213 45 742
213 43 744
213 48 739
213 50 737
213 50 737
213 52 735
213 54 733
213 59 728
213 60 727
212 65 723
212 62 726
211 64 725
211 63 726
211 62 727
211 62 727
211 64 725
211 63 726
211 63 726
211 60 729
210 60 730
210 58 732
210 59 731
210 57 733
210 53 737
210 56 734
209 53 738
208 52 740
208 48 744
208 50 742
207 51 742
207 52 741
206 52 742
206 51 743
206 53 741
206 51 743
206 48 746
206 47 747
206 47 747
206 44 750
206 44 750
206 42 752
205 41 754
205 42 753
205 43 752
205 45 750
205 44 751
205 45 750
205 45 750
205 43 752
205 45 750
205 45 750
205 49 746
205 49 746
205 49 746
205 49 746
205 48 747
205 49 746
204 54 742
203 51 746
203 52 745
203 52 745
203 56 741
202 56 742
202 62 736
202 59 739
202 60 738
202 62 736
201 65 734
200 68 732
199 68 733
199 69 732
199 69 732
198 71 731
198 71 731
198 70 732
198 70 732
198 65 737
198 68 734
198 66 736
197 64 739
197 68 735
197 69 734
197 68 735
196 67 737
196 65 739
195 63 742
195 65 740
195 65 740
195 61 744
195 61 744
195 64 741
195 63 742
195 68 737
194 66 740
193 62 745
193 62 745
193 68 739
193 60 747
193 61 746
192 64 744
191 61 748
191 63 746
190 65 745
189 66 745
188 66 746
188 66 746
186 67 747
186 67 747
186 67 747
186 66 748
186 70 744
186 66 748
186 68 746
186 74 740
186 72 742
186 72 742
186 74 740
186 70 744
186 69 745
186 76 738
185 78 737
185 77 738
185 79 736
185 79 736
185 77 738
185 80 735
185 80 735
185 75 740
185 74 741
185 69 746
184 73 743
184 72 744
184 74 742
183 74 743
183 72 745
183 65 752
183 66 751
183 67 750
183 64 753
183 63 754
182 65 753
182 59 759
182 57 761
182 57 761
182 58 760
182 57 761
182 54 764
182 53 765
181 51 768
180 48 772
179 51 770
179 51 770
179 49 772
179 48 773
179 50 771
179 51 770
179 51 770
178 49 773
178 49 773
178 47 775
178 49 773
178 46 776
178 46 776
177 44 779
177 46 777
177 46 777
175 46 779
173 48 779
173 46 781
173 44 783
173 44 783
171 42 787
171 43 786
170 45 785
170 51 779
170 54 776
169 55 776
168 58 774
167 63 770
167 68 765
167 66 767
167 64 769
164 67 769
163 68 769
163 69 768
163 67 770
162 69 769
162 69 769
161 70 769
161 65 774
161 66 773
161 63 776
161 59 780
161 55 784
161 49 790
161 51 788
161 55 784
160 53 787
160 54 786
160 52 788
160 51 789
160 49 791
160 48 792
158 51 791
157 53 790
156 60 784
155 64 781
155 64 781
155 65 780
155 67 778
153 70 777
152 70 778
152 67 781
150 70 780
150 72 778
150 71 779
150 74 776
150 76 774
150 73 777
150 71 779
150 64 786
150 62 788
149 59 792
148 58 794
147 59 794
146 54 800
146 50 804
146 50 804
146 45 809
146 43 811
146 48 806
144 50 806
144 48 808
143 49 808
143 50 807
142 51 807
141 58 801
141 58 801
140 61 799
140 60 800
139 64 797
138 67 795
138 69 793
138 70 792
138 72 790
136 75 789
136 71 793
135 75 790
135 72 793
134 75 791
134 73 793
132 73 795
132 71 797
132 71 797
132 70 798
132 68 800
131 72 797
131 72 797
131 70 799
131 69 800
131 64 805
131 66 803
131 61 808
131 66 803
131 65 804
131 67 802
131 65 804
131 61 808
130 65 805
130 62 808
130 65 805
129 68 803
129 66 805
129 67 804
129 65 806
128 66 806
128 68 804
128 65 807
127 64 809
126 63 811
126 66 808
126 63 811
125 68 807
125 67 808
125 63 812
125 60 815
125 60 815
124 57 819
124 55 821
124 52 824
124 51 825
124 53 823
124 58 818
124 54 822
124 56 820
124 51 825
124 52 824
124 46 830
124 45 831
124 44 832
124 44 832
123 41 836
123 40 837
123 40 837
123 40 837
123 38 839
123 38 839
123 34 843
123 33 844
123 34 843
123 31 846
123 30 847
123 33 844
123 35 842
123 36 841
123 33 844
123 34 843
123 31 846
123 30 847
123 30 847
123 28 849
123 30 847
123 27 850
123 25 852
123 23 854
123 23 854
123 26 851
123 22 855
123 24 853
123 22 855
123 22 855
123 22 855
123 24 853
123 27 850
123 28 849
123 30 847
123 27 850
123 28 849
123 29 848
123 30 847
123 29 848
123 27 850
123 25 852
123 24 853
123 23 854
123 25 852
123 26 851
123 25 852
122 27 851
122 24 854
122 23 855
122 24 854
121 26 853
121 23 856
121 25 854
120 25 855
120 29 851
120 29 851
120 29 851
120 29 851
120 31 849
120 31 849
120 29 851
120 27 853
120 25 855
120 27 853
120 28 852
120 26 854
120 27 853
120 27 853
120 26 854
120 28 852
120 26 854
120 27 853
120 28 852
120 26 854
120 25 855
120 25 855
120 25 855
120 26 854
120 27 853
120 26 854
120 26 854
120 24 856
120 25 855
120 25 855
120 27 853
120 26 854
120 28 852
120 27 853
120 28 852
120 29 851
120 30 850
120 30 850
120 28 852
120 30 850
120 29 851
120 29 851
120 28 852
120 30 850
120 32 848
120 33 847
120 30 850
120 32 848
120 32 848
120 29 851
120 27 853
120 25 855
120 26 854
120 25 855
120 26 854
120 25 855
120 25 855
120 23 857
120 22 858
119 20 861
119 19 862
119 20 861
119 18 863
119 17 864
119 16 865
119 17 864
119 18 863
119 18 863
119 19 862
119 17 864
119 19 862
119 20 861
119 20 861
119 23 858
119 23 858
119 21 860
118 20 862
118 22 860
118 25 857
118 25 857
118 25 857
118 23 859
117 24 859
117 24 859
117 25 858
117 23 860
117 23 860
117 24 859
117 22 861
117 20 863
117 18 865
117 19 864
117 16 867
117 15 868
117 14 869
117 14 869
117 15 868
117 13 870
117 12 871
117 12 871
117 11 872
117 11 872
117 12 871
117 10 873
117 12 871
117 12 871
117 12 871
117 11 872
117 13 870
117 14 869
117 12 871
117 11 872
117 11 872
117 11 872
117 10 873
117 10 873
117 10 873
117 10 873
117 9 874
117 7 876
117 7 876
117 8 875
117 8 875
117 6 877
117 6 877
117 5 878
117 5 878
117 4 879
117 5 878
117 5 878
117 5 878
117 5 878
117 4 879
117 5 878
117 5 878
117 5 878
116 7 877
116 6 878
116 7 877
116 8 876
116 7 877
116 7 877
116 7 877
116 6 878
116 7 877
116 7 877
116 8 876
116 9 875
116 8 876
116 9 875
116 9 875
116 8 876
116 8 876
116 8 876
116 6 878
116 6 878
116 6 878
115 7 878
115 7 878
115 6 879
115 5 880
115 5 880
115 4 881
115 3 882
115 2 883
115 2 883
115 2 883
115 2 883
115 1 884
115 1 884
115 1 884
115 1 884
115 0 885
115 0 885
115 0 885
115 0 885
115 0 885
115 0 885
115 0 885
115 0 885
115 0 885
115 0 885
115 0 885
115 0 885
115 0 885
115 0 885
115 0 885
115 0 885
115 0 885
115 0 885
115 0 885
115 0 885
115 0 885
115 0 885
115 0 885
115 0 885
115 0 885
115 0 885
115 0 885
115 0 885
115 0 885
115 0 885
115 0 885
115 0 885
115 0 885
115 0 885
115 0 885
115 0 885
115 0 885
115 0 885
115 0 885
115 0 885
115 0 885
115 0 885
115 0 885
115 0 885
115 0 885
115 0 885
115 0 885
115 0 885
115 0 885
115 0 885
115 0 885
115 0 885
115 0 885
