999 1 0
999 1 0
999 1 0
999 1 0
999 1 0
999 1 0
999 1 0
998 2 0
998 2 0
998 2 0
998 2 0
998 2 0
996 4 0
994 6 0
992 8 0
990 9 1
990 9 1
989 10 1
989 11 0
985 15 0
985 15 0
984 16 0
983 17 0
983 17 0
983 17 0
982 18 0
979 21 0
974 25 1
959 39 2
954 42 4
952 44 4
935 62 3
932 66 2
926 73 1
925 73 2
923 75 2
917 83 0
914 84 2
909 89 2
898 102 0
891 109 0
886 112 2
885 111 4
884 103 13
882 106 12
882 109 9
882 102 16
881 104 15
875 109 16
867 119 14
861 128 11
851 139 10
842 151 7
836 157 7
835 153 12
832 157 11
824 166 10
821 168 11
814 180 6
805 184 11
798 195 7
786 208 6
778 215 7
771 219 10
756 228 16
752 236 12
751 230 19
749 239 12
746 237 17
742 245 13
740 250 10
736 246 18
733 254 13
731 253 16
728 257 15
726 250 24
721 251 28
718 262 20
713 272 15
703 272 25
693 285 22
684 300 16
678 299 23
676 302 22
666 310 24
657 319 24
646 326 28
620 353 27
608 363 29
592 379 29
572 406 22
559 416 25
553 412 35
545 426 29
533 432 35
517 441 42
498 451 51
486 476 38
471 491 38
468 492 40
465 500 35
457 500 43
442 518 40
431 529 40
419 551 30
395 568 37
383 583 34
355 615 30
335 631 34
324 645 31
320 644 36
318 633 49
315 633 52
310 637 53
293 664 43
283 683 34
276 691 33
267 694 39
259 689 52
249 697 54
238 699 63
232 705 63
220 710 70
209 728 63
206 723 71
202 745 53
197 748 55
187 757 56
182 749 69
179 754 67
176 743 81
168 758 74
158 767 75
142 789 69
128 802 70
109 815 76
100 816 84
95 820 85
93 814 93
93 830 77
91 823 86
87 827 86
85 842 73
85 842 73
81 842 77
78 858 64
76 852 72
63 874 63
58 874 68
55 880 65
51 883 66
43 880 77
31 887 82
26 897 77
24 888 88
20 890 90
17 892 91
14 893 93
11 898 91
10 892 98
4 900 96
1 911 88
0 894 106
0 894 106
0 906 94
0 910 90
0 926 74
0 906 94
0 908 92
0 902 98
0 903 97
0 909 91
0 907 93
0 915 85
0 915 85
0 922 78
0 910 90
0 922 78
0 909 91
0 909 91
0 901 99
0 910 90
0 917 83
0 908 92
0 915 85
0 907 93
0 903 97
0 903 97
0 899 101
0 896 104
0 906 94
0 910 90
0 903 97
0 911 89
0 910 90
0 908 92
0 901 99
0 898 102
0 913 87
0 901 99
0 905 95
0 903 97
0 912 88
0 911 89
0 914 86
0 921 79
0 916 84
0 918 82
0 915 85
0 912 88
0 904 96
0 908 92
0 920 80
0 916 84
0 922 78
0 920 80
0 912 88
0 912 88
0 909 91
0 905 95
0 899 101
0 914 86
0 906 94
0 906 94
0 911 89
0 907 93
0 899 101
0 897 103
0 890 110
0 894 106
0 889 111
0 886 114
0 881 119
0 886 114
0 899 101
0 900 100
0 891 109
0 900 100
0 892 108
0 883 117
0 897 103
0 905 95
0 901 99
0 895 105
0 907 93
0 914 86
0 904 96
0 906 94
0 909 91
0 893 107
0 906 94
0 907 93
0 908 92
0 908 92
0 913 87
0 909 91
0 912 88
0 907 93
0 912 88
0 911 89
0 905 95
0 906 94
0 901 99
0 902 98
0 902 98
0 898 102
0 891 109
0 913 87
0 898 102
0 895 105
0 902 98
0 898 102
0 902 98
0 908 92
0 895 105
0 888 112
0 902 98
0 900 100
0 912 88
0 906 94
0 912 88
0 906 94
0 901 99
0 899 101
0 907 93
0 905 95
0 910 90
0 909 91
0 901 99
0 904 96
0 901 99
0 891 109
0 906 94
0 901 99
0 906 94
0 912 88
0 914 86
0 911 89
0 915 85
0 909 91
0 900 100
0 908 92
0 901 99
0 906 94
0 903 97
0 908 92
0 912 88
0 904 96
0 907 93
0 904 96
0 901 99
0 899 101
0 917 83
0 909 91
0 917 83
0 910 90
0 917 83
0 917 83
0 914 86
0 921 79
0 914 86
0 913 87
0 905 95
0 900 100
0 911 89
0 899 101
0 889 111
0 893 107
0 909 91
0 896 104
0 900 100
0 904 96
0 889 111
0 911 89
0 910 90
0 910 90
0 913 87
0 913 87
0 920 80
0 907 93
0 918 82
0 917 83
0 918 82
0 909 91
0 915 85
0 904 96
0 913 87
0 913 87
0 913 87
0 914 86
0 918 82
0 919 81
0 930 70
0 916 84
0 917 83
0 910 90
0 909 91
0 913 87
0 907 93
0 910 90
0 917 83
0 910 90
0 915 85
0 909 91
0 903 97
0 921 79
0 917 83
0 917 83
0 915 85
0 907 93
0 904 96
0 896 104
0 899 101
0 903 97
0 900 100
0 912 88
0 902 98
0 894 106
0 909 91
0 897 103
0 893 107
0 912 88
0 912 88
0 921 79
0 933 67
0 929 71
0 927 73
0 919 81
0 912 88
0 908 92
0 912 88
0 925 75
0 913 87
0 914 86
0 902 98
0 906 94
0 907 93
0 910 90
0 896 104
0 904 96
0 900 100
0 911 89
0 921 79
0 916 84
0 922 78
0 922 78
0 901 99
0 906 94
0 912 88
0 905 95
0 905 95
0 906 94
0 904 96
0 910 90
0 900 100
0 899 101
0 910 90
0 915 85
0 917 83
0 923 77
0 919 81
0 932 68
0 923 77
0 926 74
0 926 74
0 917 83
0 909 91
0 905 95
0 917 83
0 921 79
0 914 86
0 915 85
0 920 80
0 915 85
0 921 79
0 914 86
0 919 81
0 913 87
0 919 81
0 913 87
0 920 80
0 910 90
0 907 93
0 902 98
0 892 108
0 897 103
0 897 103
0 890 110
0 886 114
0 902 98
0 896 104
0 895 105
0 899 101
0 907 93
0 906 94
