999 1 0
999 1 0
999 1 0
998 2 0
998 2 0
998 2 0
997 3 0
997 3 0
996 4 0
996 4 0
995 5 0
995 5 0
994 6 0
993 7 0
993 7 0
992 7 1
992 7 1
991 8 1
988 10 2
984 14 2
984 15 1
983 16 1
981 17 2
981 17 2
981 17 2
980 19 1
980 18 2
980 18 2
979 18 3
978 19 3
978 18 4
978 19 3
978 19 3
977 18 5
977 16 7
977 15 8
973 17 10
971 22 7
968 23 9
968 22 10
968 22 10
967 24 9
967 25 8
966 24 10
965 24 11
965 26 9
962 29 9
962 30 8
960 32 8
959 32 9
959 30 11
959 26 15
957 29 14
957 25 18
955 28 17
955 28 17
955 27 18
952 30 18
951 30 19
950 33 17
950 33 17
949 30 21
947 34 19
946 35 19
945 35 20
943 39 18
942 41 17
942 40 18
941 37 22
940 38 22
938 38 24
936 41 23
934 41 25
933 40 27
931 43 26
928 45 27
928 45 27
926 43 31
926 43 31
925 43 32
924 42 34
923 43 34
919 47 34
918 48 34
918 47 35
917 46 37
916 45 39
914 47 39
913 47 40
910 50 40
909 47 44
907 48 45
905 49 46
904 52 44
902 52 46
902 50 48
900 49 51
898 46 56
896 47 57
894 51 55
892 52 56
889 56 55
887 56 57
883 62 55
881 62 57
880 58 62
877 57 66
874 58 68
871 60 69
870 62 68
868 63 69
868 64 68
867 65 68
867 61 72
866 61 73
866 62 72
866 57 77
865 59 76
862 57 81
860 61 79
860 58 82
858 57 85
853 63 84
851 64 85
846 65 89
846 60 94
845 64 91
843 66 91
842 64 94
841 64 95
841 66 93
840 69 91
838 70 92
837 71 92
837 66 97
833 67 100
833 70 97
830 70 100
829 64 107
828 64 108
826 61 113
823 66 111
821 66 113
819 72 109
817 74 109
814 75 111
814 75 111
814 74 112
813 73 114
813 70 117
812 68 120
811 66 123
810 64 126
810 65 125
808 65 127
807 68 125
806 64 130
806 64 130
806 60 134
806 54 140
806 55 139
804 53 143
803 57 140
802 58 140
802 58 140
800 62 138
798 66 136
798 66 136
796 74 130
795 73 132
794 76 130
792 73 135
792 70 138
792 72 136
792 70 138
791 73 136
790 70 140
788 64 148
785 66 149
782 68 150
779 69 152
778 67 155
777 68 155
772 65 163
771 60 169
771 65 164
770 64 166
768 65 167
767 69 164
766 70 164
765 68 167
762 72 166
759 80 161
755 84 161
754 82 164
752 83 165
748 86 166
745 90 165
739 93 168
738 92 170
730 98 172
728 99 173
723 107 170
721 109 170
719 113 168
716 120 164
715 118 167
711 118 171
708 120 172
705 117 178
702 114 184
700 115 185
699 116 185
699 114 187
696 113 191
694 113 193
692 121 187
691 114 195
689 113 198
687 115 198
684 109 207
681 117 202
680 115 205
676 117 207
674 123 203
667 130 203
664 132 204
662 130 208
662 124 214
661 124 215
660 126 214
658 119 223
656 120 224
656 120 224
655 116 229
653 118 229
649 118 233
647 116 237
645 113 242
645 110 245
645 105 250
644 104 252
643 108 249
642 109 249
642 110 248
641 111 248
639 110 251
638 107 255
638 102 260
637 101 262
636 106 258
632 110 258
632 107 261
630 107 263
629 104 267
629 102 269
628 107 265
627 102 271
626 98 276
624 97 279
623 93 284
623 94 283
623 93 284
621 97 282
620 97 283
620 88 292
619 85 296
618 85 297
617 84 299
614 90 296
613 94 293
609 104 287
609 102 289
609 103 288
609 100 291
608 99 293
602 105 293
600 107 293
599 106 295
595 116 289
594 118 288
593 121 286
591 122 287
590 120 290
589 120 291
589 115 296
585 104 311
580 108 312
579 110 311
577 112 311
576 113 311
576 116 308
576 107 317
575 110 315
572 110 318
571 101 328
566 105 329
563 106 331
563 106 331
561 105 334
560 108 332
555 114 331
555 114 331
553 113 334
553 110 337
552 109 339
550 113 337
549 115 336
548 115 337
546 112 342
543 115 342
540 120 340
539 112 349
534 115 351
534 112 354
533 116 351
530 111 359
529 111 360
526 117 357
526 117 357
525 121 354
525 115 360
523 115 362
517 117 366
512 127 361
511 127 362
510 124 366
506 128 366
505 120 375
505 117 378
505 116 379
505 114 381
505 114 381
502 115 383
501 117 382
500 124 376
499 123 378
499 124 377
497 125 378
496 113 391
495 108 397
493 108 399
492 101 407
491 104 405
490 108 402
490 111 399
488 118 394
486 121 393
483 127 390
482 119 399
481 115 404
479 112 409
479 114 407
477 121 402
475 120 405
475 122 403
474 122 404
473 121 406
471 124 405
469 125 406
467 125 408
464 119 417
464 122 414
462 116 422
460 114 426
460 115 425
460 116 424
458 119 423
455 116 429
455 117 428
455 114 431
454 110 436
451 112 437
450 117 433
448 114 438
446 114 440
444 114 442
443 112 445
441 113 446
439 111 450
438 108 454
434 110 456
433 115 452
432 114 454
432 117 451
426 126 448
425 126 449
424 127 449
423 122 455
421 121 458
416 126 458
412 125 463
409 128 463
404 129 467
403 128 469
403 129 468
401 129 470
401 123 476
401 119 480
400 118 482
399 106 495
396 102 502
396 105 499
393 109 498
393 106 501
392 104 504
390 101 509
388 103 509
387 98 515
384 101 515
383 103 514
382 110 508
378 116 506
377 116 507
375 116 509
374 123 503
369 134 497
367 136 497
364 130 506
363 129 508
362 127 511
361 136 503
359 141 500
356 140 504
355 138 507
353 138 509
349 137 514
347 132 521
346 133 521
343 141 516
342 136 522
342 129 529
339 128 533
338 129 533
336 130 534
331 136 533
330 133 537
328 135 537
327 132 541
325 130 545
322 138 540
321 142 537
320 145 535
317 147 536
317 146 537
316 145 539
314 156 530
314 152 534
310 160 530
310 156 534
307 158 535
303 161 536
303 157 540
302 159 539
299 164 537
297 167 536
293 162 545
290 165 545
289 159 552
289 156 555
287 165 548
286 161 553
286 158 556
285 153 562
282 155 563
278 159 563
278 152 570
277 148 575
275 147 578
273 149 578
272 152 576
270 154 576
270 152 578
270 150 580
269 155 576
268 149 583
268 141 591
267 139 594
266 136 598
265 138 597
263 139 598
263 138 599
262 139 599
260 155 585
259 149 592
258 143 599
258 142 600
256 135 609
256 137 607
255 131 614
254 130 616
254 129 617
254 127 619
251 126 623
248 129 623
247 125 628
246 126 628
245 123 632
242 118 640
242 104 654
242 107 651
239 113 648
238 109 653
238 111 651
236 114 650
236 119 645
235 120 645
235 123 642
230 129 641
230 131 639
228 129 643
228 136 636
228 134 638
228 134 638
228 132 640
226 132 642
226 124 650
226 120 654
225 120 655
223 117 660
222 118 660
220 121 659
220 121 659
219 119 662
216 112 672
216 114 670
214 115 671
214 117 669
214 110 676
212 111 677
211 113 676
211 119 670
210 126 664
210 121 669
210 119 671
208 123 669
207 118 675
207 118 675
207 114 679
207 106 687
204 104 692
203 103 694
203 103 694
201 98 701
200 101 699
199 101 700
199 100 701
199 99 702
198 97 705
196 103 701
195 104 701
193 98 709
193 101 706
193 103 704
192 106 702
191 106 703
191 101 708
190 107 703
187 111 702
187 110 703
187 109 704
186 105 709
184 101 715
184 103 713
184 99 717
184 100 716
184 99 717
183 98 719
181 95 724
181 96 723
181 101 718
181 102 717
178 104 718
177 103 720
176 105 719
176 104 720
175 101 724
175 101 724
175 105 720
174 101 725
174 100 726
173 104 723
173 100 727
171 106 723
171 106 723
170 100 730
169 102 729
169 100 731
168 102 730
167 102 731
167 101 732
167 97 736
167 96 737
167 90 743
167 92 741
166 90 744
164 95 741
164 93 743
162 92 746
160 93 747
159 98 743
159 99 742
159 97 744
158 96 746
158 92 750
158 88 754
157 88 755
156 94 750
155 99 746
154 103 743
154 101 745
153 98 749
153 98 749
153 99 748
153 93 754
153 89 758
153 86 761
150 89 761
150 93 757
150 96 754
149 98 753
148 95 757
148 90 762
147 86 767
147 88 765
147 94 759
147 96 757
145 96 759
144 97 759
144 94 762
144 91 765
144 93 763
143 92 765
142 87 771
142 89 769
142 84 774
142 82 776
141 88 771
141 86 773
141 87 772
141 84 775
141 83 776
141 81 778
140 75 785
139 76 785
139 75 786
139 77 784
137 82 781
136 76 788
136 73 791
136 74 790
135 76 789
134 78 788
133 77 790
133 83 784
132 84 784
132 85 783
131 83 786
129 87 784
129 84 787
129 84 787
128 91 781
127 88 785
127 85 788
127 87 786
127 86 787
127 84 789
127 84 789
126 85 789
126 88 786
125 83 792
125 79 796
125 76 799
124 76 800
123 77 800
123 77 800
123 76 801
123 71 806
121 70 809
121 72 807
120 72 808
119 77 804
119 78 803
117 77 806
116 75 809
116 70 814
114 73 813
111 72 817
111 70 819
109 70 821
108 71 821
107 70 823
107 71 822
106 73 821
105 80 815
104 79 817
104 74 822
104 72 824
104 71 825
103 77 820
103 75 822
103 77 820
103 79 818
103 79 818
102 81 817
99 84 817
99 81 820
99 82 819
99 79 822
98 81 821
98 75 827
97 78 825
97 77 826
97 80 823
97 79 824
96 81 823
96 79 825
95 78 827
95 76 829
92 79 829
92 71 837
91 74 835
90 79 831
89 79 832
88 75 837
87 73 840
86 77 837
85 76 839
84 79 837
84 79 837
84 75 841
84 74 842
84 74 842
83 74 843
83 75 842
83 76 841
83 78 839
83 72 845
83 69 848
80 74 846
79 75 846
79 74 847
79 70 851
78 70 852
78 68 854
78 67 855
78 67 855
78 63 859
78 62 860
78 56 866
78 55 867
78 52 870
77 50 873
77 47 876
77 46 877
77 43 880
77 39 884
76 38 886
76 38 886
76 37 887
76 36 888
76 39 885
76 35 889
76 38 886
76 42 882
75 44 881
75 44 881
75 44 881
75 45 880
74 49 877
74 47 879
74 48 878
74 47 879
74 46 880
74 46 880
74 48 878
74 51 875
74 51 875
74 52 874
73 49 878
73 46 881
73 45 882
72 46 882
72 46 882
72 43 885
72 47 881
72 46 882
72 48 880
71 49 880
71 48 881
71 46 883
71 44 885
71 46 883
70 48 882
70 46 884
70 42 888
69 43 888
69 45 886
69 51 880
69 51 880
68 52 880
68 50 882
68 49 883
68 48 884
68 50 882
68 47 885
67 45 888
67 42 891
67 40 893
67 40 893
67 43 890
67 45 888
67 43 890
66 39 895
66 36 898
66 38 896
66 38 896
66 36 898
66 36 898
66 36 898
66 34 900
66 32 902
66 32 902
66 32 902
66 33 901
66 35 899
66 35 899
66 33 901
65 32 903
65 32 903
64 36 900
64 32 904
64 32 904
64 34 902
64 37 899
64 36 900
64 38 898
63 44 893
62 49 889
62 48 890
61 50 889
61 48 891
60 49 891
60 52 888
60 57 883
60 58 882
60 57 883
60 61 879
60 61 879
60 60 880
60 62 878
60 63 877
60 65 875
60 65 875
60 62 878
59 62 879
59 61 880
59 61 880
59 61 880
59 54 887
59 52 889
59 53 888
59 53 888
59 49 892
59 47 894
59 44 897
59 45 896
59 47 894
59 39 902
59 37 904
59 33 908
59 32 909
59 33 908
59 32 909
59 31 910
59 33 908
59 31 910
59 29 912
59 28 913
58 32 910
58 33 909
58 31 911
58 30 912
58 28 914
58 29 913
58 29 913
58 30 912
58 32 910
58 29 913
58 33 909
58 33 909
58 31 911
58 33 909
58 32 910
58 27 915
58 28 914
58 30 912
58 29 913
58 29 913
58 31 911
58 32 910
58 33 909
58 32 910
58 30 912
58 30 912
58 29 913
58 29 913
58 28 914
58 28 914
58 29 913
57 29 914
57 26 917
57 27 916
57 27 916
57 26 917
57 25 918
57 21 922
57 21 922
57 23 920
57 23 920
57 20 923
57 19 924
57 19 924
57 18 925
57 17 926
57 18 925
57 18 925
57 19 924
57 20 923
57 21 922
57 20 923
57 21 922
57 23 920
57 21 922
57 21 922
57 22 921
57 26 917
57 24 919
57 24 919
57 25 918
57 24 919
57 24 919
57 20 923
57 21 922
57 18 925
57 19 924
57 20 923
57 19 924
57 18 925
57 19 924
57 17 926
57 16 927
57 13 930
57 14 929
57 14 929
57 15 928
57 15 928
57 15 928
57 14 929
57 15 928
57 15 928
57 15 928
57 15 928
57 15 928
57 15 928
57 14 929
57 14 929
57 15 928
57 14 929
57 14 929
57 13 930
57 11 932
57 11 932
57 11 932
57 10 933
57 10 933
57 7 936
57 7 936
57 7 936
57 6 937
57 7 936
57 7 936
57 9 934
57 7 936
57 9 934
57 11 932
57 10 933
57 10 933
57 11 932
57 10 933
57 8 935
57 9 934
57 12 931
57 14 929
57 15 928
57 14 929
57 15 928
57 15 928
57 14 929
57 13 930
57 14 929
56 15 929
56 16 928
56 18 926
56 17 927
56 19 925
56 19 925
56 20 924
56 18 926
56 16 928
56 16 928
56 18 926
56 18 926
56 20 924
56 18 926
56 19 925
56 18 926
56 17 927
56 15 929
56 14 930
56 15 929
56 14 930
56 13 931
56 12 932
56 13 931
56 16 928
56 16 928
56 15 929
56 13 931
56 13 931
56 12 932
56 13 931
56 14 930
56 15 929
56 15 929
56 16 928
56 16 928
56 16 928
56 16 928
56 17 927
56 17 927
56 16 928
56 15 929
56 15 929
56 15 929
56 17 927
56 17 927
56 15 929
56 16 928
56 15 929
56 16 928
55 18 927
55 17 928
55 17 928
55 17 928
55 15 930
55 15 930
55 14 931
55 14 931
55 15 930
55 13 932
55 12 933
55 12 933
55 11 934
55 12 933
55 13 932
55 10 935
55 9 936
55 8 937
55 8 937
55 8 937
55 10 935
55 9 936
55 9 936
55 9 936
55 9 936
55 9 936
55 9 936
55 8 937
55 8 937
55 5 940
55 5 940
55 6 939
55 6 939
55 6 939
55 6 939
55 4 941
55 3 942
55 3 942
55 3 942
55 3 942
55 4 941
55 4 941
55 4 941
55 4 941
55 4 941
55 5 940
55 3 942
55 3 942
55 4 941
55 5 940
55 5 940
54 6 940
54 6 940
53 7 940
53 7 940
53 6 941
53 5 942
53 5 942
53 5 942
53 6 941
53 8 939
53 9 938
53 11 936
53 11 936
53 12 935
53 12 935
53 15 932
53 15 932
53 14 933
53 14 933
53 16 931
53 16 931
53 18 929
53 18 929
53 19 928
53 18 929
53 16 931
53 16 931
53 17 930
53 14 933
53 15 932
53 14 933
53 11 936
53 11 936
53 11 936
53 11 936
53 11 936
53 11 936
53 10 937
53 9 938
53 10 937
53 10 937
53 12 935
53 11 936
53 11 936
53 13 934
53 13 934
53 15 932
53 16 931
53 16 931
53 19 928
53 17 930
53 19 928
53 22 925
53 24 923
53 23 924
53 25 922
53 25 922
53 22 925
53 23 924
53 22 925
53 22 925
53 20 927
53 20 927
53 23 924
53 23 924
53 23 924
53 23 924
53 19 928
52 18 930
52 16 932
52 14 934
52 15 933
52 14 934
52 16 932
52 15 933
52 15 933
52 16 932
52 15 933
52 15 933
52 14 934
52 14 934
52 13 935
52 12 936
51 13 936
51 12 937
51 12 937
51 13 936
51 13 936
51 11 938
50 12 938
50 11 939
50 10 940
50 13 937
50 11 939
50 13 937
50 12 938
50 11 939
50 11 939
50 11 939
50 12 938
50 13 937
50 13 937
50 13 937
50 12 938
50 11 939
50 12 938
50 13 937
50 13 937
50 12 938
50 11 939
50 10 940
50 10 940
50 10 940
50 12 938
50 12 938
50 11 939
50 11 939
50 12 938
50 12 938
50 12 938
50 13 937
50 12 938
50 13 937
50 12 938
50 13 937
50 13 937
50 13 937
50 13 937
50 11 939
50 11 939
50 11 939
50 11 939
50 10 940
50 11 939
50 11 939
50 10 940
50 9 941
50 7 943
50 6 944
50 6 944
50 6 944
50 8 942
50 8 942
50 7 943
50 8 942
50 8 942
50 7 943
50 7 943
50 7 943
50 6 944
50 6 944
50 7 943
50 7 943
50 7 943
50 7 943
50 6 944
50 6 944
50 5 945
50 6 944
50 6 944
50 6 944
50 6 944
50 6 944
50 7 943
50 7 943
50 7 943
50 7 943
50 6 944
50 6 944
50 7 943
50 8 942
50 8 942
50 8 942
50 7 943
50 8 942
50 10 940
50 9 941
50 8 942
50 10 940
50 10 940
50 10 940
50 12 938
50 12 938
50 13 937
50 12 938
50 13 937
50 14 936
50 15 935
50 15 935
50 14 936
50 16 934
50 16 934
50 17 933
50 16 934
50 15 935
50 14 936
50 13 937
50 14 936
50 15 935
50 14 936
50 17 933
50 19 931
50 16 934
50 17 933
50 17 933
50 18 932
50 16 934
50 14 936
50 15 935
50 16 934
50 16 934
50 16 934
50 16 934
50 18 932
50 19 931
50 18 932
50 16 934
50 16 934
50 16 934
50 16 934
50 17 933
50 19 931
50 19 931
50 18 932
50 18 932
50 17 933
50 17 933
50 18 932
50 15 935
50 14 936
50 13 937
50 12 938
50 12 938
50 9 941
50 8 942
50 7 943
50 7 943
50 8 942
50 9 941
50 10 940
50 9 941
50 9 941
50 8 942
50 8 942
50 9 941
50 10 940
50 10 940
50 11 939
50 13 937
50 15 935
49 16 935
49 16 935
49 14 937
49 17 934
49 16 935
49 17 934
49 21 930
49 21 930
49 22 929
49 24 927
49 25 926
49 26 925
49 27 924
49 25 926
49 26 925
49 25 926
49 25 926
49 26 925
49 25 926
49 25 926
49 23 928
49 24 927
49 21 930
49 23 928
49 21 930
49 22 929
49 20 931
49 21 930
49 20 931
49 23 928
49 23 928
49 23 928
49 23 928
49 23 928
49 23 928
49 22 929
49 24 927
49 23 928
49 23 928
49 24 927
49 24 927
49 22 929
49 21 930
49 25 926
49 24 927
49 22 929
49 22 929
49 22 929
49 23 928
49 21 930
49 21 930
49 20 931
49 20 931
49 21 930
49 20 931
49 18 933
49 19 932
49 19 932
49 18 933
49 17 934
49 17 934
49 18 933
49 18 933
49 21 930
49 21 930
49 21 930
49 20 931
49 20 931
49 19 932
49 19 932
49 18 933
49 17 934
49 16 935
49 13 938
49 15 936
49 14 937
49 14 937
49 11 940
49 9 942
49 6 945
49 7 944
49 6 945
49 6 945
49 5 946
49 6 945
49 5 946
49 6 945
49 6 945
49 7 944
49 8 943
49 7 944
49 7 944
49 7 944
49 7 944
49 7 944
49 7 944
49 8 943
49 7 944
49 7 944
49 7 944
49 8 943
49 8 943
49 7 944
49 7 944
49 6 945
49 5 946
49 4 947
49 5 946
49 5 946
49 5 946
49 5 946
49 4 947
49 3 948
49 3 948
49 3 948
49 3 948
49 2 949
49 3 948
49 3 948
49 3 948
49 3 948
49 3 948
49 2 949
49 2 949
49 2 949
49 2 949
49 2 949
49 2 949
49 2 949
49 1 950
49 1 950
49 1 950
49 1 950
49 0 951
49 0 951
49 0 951
49 0 951
49 0 951
49 0 951
49 0 951
49 0 951
49 0 951
49 0 951
49 0 951
49 0 951
49 0 951
49 0 951
49 0 951
49 0 951
49 0 951
49 0 951
49 0 951
49 0 951
49 0 951
49 0 951
49 0 951
49 0 951
49 0 951
49 0 951
49 0 951
49 0 951
