997 3 0
996 4 0
996 4 0
995 5 0
995 5 0
995 5 0
994 6 0
993 7 0
992 8 0
992 8 0
991 9 0
990 10 0
989 11 0
988 12 0
986 14 0
985 12 3
984 12 4
984 12 4
984 12 4
982 13 5
981 14 5
981 13 6
980 14 6
980 14 6
979 14 7
979 13 8
978 13 9
976 14 10
974 15 11
974 15 11
974 15 11
970 17 13
969 20 11
969 20 11
969 19 12
969 20 11
969 19 12
968 22 10
968 20 12
968 20 12
966 23 11
965 24 11
964 23 13
962 23 15
961 24 15
961 24 15
960 22 18
960 20 20
960 18 22
960 18 22
959 20 21
959 21 20
959 19 22
959 19 22
958 20 22
957 22 21
956 22 22
956 20 24
956 18 26
956 18 26
956 17 27
956 17 27
956 17 27
956 17 27
956 17 27
956 15 29
956 13 31
956 13 31
954 17 29
954 15 31
953 15 32
952 11 37
952 11 37
951 13 36
950 14 36
948 18 34
948 18 34
947 18 35
946 18 36
946 17 37
945 19 36
944 20 36
943 20 37
942 21 37
941 21 38
939 23 38
937 25 38
935 29 36
935 27 38
934 28 38
934 26 40
932 29 39
930 31 39
929 33 38
929 35 36
928 35 37
927 35 38
926 38 36
924 37 39
924 36 40
923 35 42
923 32 45
922 32 46
921 34 45
921 35 44
917 38 45
916 36 48
915 36 49
914 40 46
913 40 47
912 40 48
912 39 49
909 42 49
907 43 50
904 46 50
904 45 51
903 47 50
902 49 49
900 50 50
897 50 53
895 52 53
892 53 55
889 56 55
885 57 58
883 59 58
880 61 59
877 64 59
874 69 57
867 74 59
866 72 62
866 74 60
864 75 61
862 78 60
861 77 62
859 78 63
856 79 65
851 85 64
850 80 70
850 79 71
849 79 72
848 77 75
848 72 80
847 69 84
846 66 88
842 68 90
841 70 89
839 78 83
838 75 87
837 80 83
834 82 84
831 80 89
829 74 97
827 74 99
827 72 101
824 74 102
822 74 104
822 76 102
820 78 102
818 77 105
818 76 106
818 74 108
818 69 113
818 65 117
818 61 121
818 59 123
818 58 124
817 59 124
816 61 123
816 63 121
814 65 121
813 62 125
813 58 129
812 59 129
809 61 130
806 63 131
805 62 133
802 66 132
800 68 132
796 72 132
790 83 127
786 85 129
785 84 131
783 84 133
779 81 140
778 79 143
775 85 140
768 90 142
765 93 142
760 94 146
756 95 149
756 93 151
754 93 153
750 96 154
748 95 157
746 92 162
744 92 164
741 97 162
738 100 162
737 98 165
734 97 169
734 100 166
734 93 173
733 90 177
728 95 177
726 95 179
724 101 175
722 105 173
721 101 178
720 99 181
714 104 182
713 100 187
712 100 188
708 98 194
706 99 195
704 105 191
702 103 195
700 105 195
698 109 193
698 105 197
697 93 210
697 89 214
697 83 220
692 92 216
692 93 215
692 83 225
689 82 229
686 87 227
684 88 228
680 93 227
680 90 230
678 88 234
676 88 236
673 88 239
668 93 239
667 99 234
664 105 231
663 108 229
661 102 237
657 109 234
655 113 232
655 112 233
653 114 233
652 106 242
650 105 245
645 109 246
644 111 245
642 105 253
640 108 252
637 105 258
630 113 257
627 115 258
623 119 258
620 128 252
614 127 259
612 124 264
612 128 260
610 134 256
607 138 255
603 142 255
602 143 255
600 143 257
598 149 253
597 153 250
593 151 256
593 147 260
593 138 269
592 135 273
590 131 279
589 129 282
589 123 288
588 122 290
588 124 288
587 112 301
586 113 301
586 107 307
584 106 310
583 102 315
581 98 321
579 96 325
575 98 327
574 99 327
574 103 323
571 108 321
570 104 326
570 101 329
570 100 330
569 97 334
569 97 334
567 98 335
567 98 335
564 100 336
564 100 336
563 101 336
560 101 339
559 104 337
555 103 342
555 101 344
555 94 351
553 96 351
553 104 343
552 103 345
552 100 348
549 101 350
549 99 352
548 97 355
546 93 361
543 93 364
541 89 370
536 92 372
536 91 373
536 90 374
535 85 380
535 87 378
531 87 382
531 76 393
529 76 395
526 84 390
525 86 389
525 85 390
524 84 392
523 86 391
522 78 400
521 81 398
520 81 399
518 86 396
517 83 400
516 85 399
516 81 403
516 80 404
516 77 407
515 73 412
515 73 412
514 68 418
514 67 419
511 70 419
511 72 417
510 74 416
510 68 422
510 73 417
510 68 422
509 63 428
507 61 432
504 69 427
503 74 423
499 77 424
498 76 426
497 73 430
497 70 433
494 75 431
493 78 429
491 76 433
491 78 431
490 80 430
490 77 433
489 79 432
486 80 434
486 83 431
485 86 429
484 83 433
483 83 434
483 84 433
481 84 435
478 87 435
475 89 436
475 84 441
472 88 440
472 89 439
470 92 438
468 96 436
466 96 438
466 97 437
465 98 437
463 95 442
462 92 446
462 89 449
461 87 452
460 89 451
460 87 453
459 86 455
457 88 455
456 93 451
456 87 457
454 87 459
453 83 464
453 85 462
452 87 461
451 92 457
451 88 461
450 88 462
448 87 465
447 93 460
446 91 463
443 93 464
442 89 469
440 91 469
438 88 474
435 88 477
433 92 475
433 96 471
433 104 463
429 106 465
428 107 465
426 104 470
425 104 471
422 111 467
419 120 461
416 119 465
416 120 464
416 122 462
416 125 459
415 123 462
410 133 457
410 132 458
408 131 461
406 126 468
405 120 475
403 120 477
403 123 474
400 128 472
396 128 476
394 122 484
391 120 489
391 119 490
391 120 489
391 123 486
390 127 483
389 123 488
387 119 494
386 118 496
385 116 499
382 116 502
379 116 505
376 119 505
375 115 510
373 115 512
366 126 508
365 122 513
363 128 509
359 135 506
358 136 506
355 134 511
352 136 512
350 134 516
346 135 519
346 138 516
346 134 520
346 127 527
345 127 528
344 130 526
341 134 525
341 125 534
340 122 538
338 122 540
338 116 546
336 113 551
333 116 551
331 121 548
327 120 553
326 121 553
326 120 554
322 123 555
322 128 550
321 128 551
320 131 549
320 122 558
319 124 557
316 125 559
313 126 561
309 128 563
309 124 567
307 123 570
307 120 573
304 115 581
302 120 578
302 119 579
300 121 579
298 121 581
296 132 572
291 139 570
290 143 567
286 158 556
284 160 556
281 158 561
275 160 565
272 167 561
268 172 560
268 169 563
268 171 561
268 177 555
268 171 561
265 178 557
264 178 558
264 169 567
263 160 577
262 156 582
260 155 585
258 149 593
258 151 591
256 156 588
253 155 592
252 147 601
251 149 600
247 154 599
246 152 602
244 156 600
243 155 602
243 158 599
243 165 592
239 173 588
239 170 591
238 168 594
236 165 599
236 165 599
234 166 600
234 167 599
231 165 604
228 167 605
225 173 602
225 173 602
225 170 605
224 166 610
223 161 616
222 164 614
220 163 617
218 163 619
216 168 616
215 167 618
214 172 614
214 177 609
212 170 618
210 177 613
209 174 617
208 172 620
206 167 627
204 177 619
203 179 618
203 181 616
202 178 620
199 179 622
199 176 625
197 180 623
195 178 627
194 176 630
194 173 633
192 172 636
191 174 635
191 171 638
190 172 638
188 171 641
187 174 639
186 174 640
185 182 633
184 183 633
182 183 635
182 185 633
181 193 626
179 194 627
178 198 624
177 203 620
173 213 614
171 209 620
171 206 623
170 213 617
169 221 610
169 219 612
168 207 625
167 213 620
164 219 617
162 226 612
162 229 609
162 223 615
160 219 621
158 221 621
157 217 626
157 217 626
154 216 630
153 217 630
152 220 628
152 218 630
152 212 636
151 219 630
151 214 635
151 211 638
150 207 643
148 208 644
148 201 651
147 201 652
146 198 656
146 203 651
146 208 646
145 203 652
145 205 650
145 209 646
142 210 648
142 204 654
141 206 653
141 200 659
141 197 662
138 200 662
135 208 657
135 209 656
134 215 651
134 208 658
133 204 663
131 205 664
130 201 669
129 202 669
127 203 670
125 200 675
123 207 670
123 207 670
122 207 671
120 208 672
118 216 666
118 210 672
118 210 672
117 209 674
115 220 665
114 223 663
114 223 663
113 226 661
113 226 661
113 217 670
113 216 671
110 218 672
110 212 678
110 216 674
109 211 680
108 205 687
107 203 690
107 203 690
107 203 690
105 204 691
104 201 695
103 203 694
101 201 698
101 204 695
100 207 693
99 202 699
98 199 703
97 198 705
97 196 707
95 197 708
95 197 708
93 193 714
92 188 720
90 181 729
90 181 729
89 173 738
88 174 738
87 166 747
86 161 753
86 155 759
85 155 760
85 154 761
84 152 764
84 152 764
80 148 772
80 144 776
79 145 776
79 147 774
78 147 775
78 146 776
78 147 775
77 147 776
77 137 786
77 139 784
77 141 782
77 138 785
77 139 784
77 139 784
77 136 787
77 138 785
75 134 791
74 133 793
74 129 797
73 130 797
73 135 792
72 137 791
72 129 799
72 127 801
72 124 804
72 122 806
72 123 805
72 123 805
72 118 810
72 123 805
72 123 805
71 130 799
71 131 798
71 136 793
71 138 791
71 131 798
71 132 797
71 132 797
71 128 801
71 129 800
71 131 798
70 140 790
70 142 788
70 146 784
70 140 790
70 141 789
70 136 794
69 137 794
69 132 799
69 133 798
69 141 790
66 145 789
66 144 790
66 147 787
66 153 781
66 158 776
65 151 784
65 154 781
65 148 787
65 155 780
64 159 777
64 165 771
63 173 764
63 170 767
63 175 762
63 168 769
63 169 768
63 171 766
63 170 767
63 169 768
63 161 776
62 170 768
62 171 767
62 171 767
59 184 757
59 180 761
57 182 761
56 180 764
56 185 759
55 189 756
55 191 754
53 192 755
53 195 752
52 194 754
52 196 752
50 199 751
50 197 753
50 196 754
50 191 759
50 181 769
50 171 779
50 172 778
50 169 781
50 163 787
50 153 797
48 159 793
47 156 797
47 162 791
47 164 789
47 161 792
47 158 795
47 157 796
47 152 801
47 156 797
47 161 792
47 170 783
47 170 783
46 168 786
46 169 785
46 167 787
46 173 781
46 171 783
45 166 789
45 165 790
45 159 796
45 154 801
45 157 798
45 157 798
45 154 801
45 153 802
45 153 802
45 153 802
45 152 803
45 154 801
44 158 798
44 151 805
44 155 801
44 144 812
43 151 806
43 151 806
43 153 804
43 154 803
43 154 803
43 157 800
43 157 800
42 160 798
42 160 798
42 150 808
42 151 807
42 155 803
42 156 802
42 153 805
42 153 805
41 151 808
40 156 804
39 162 799
38 163 799
38 166 796
38 165 797
38 160 802
38 166 796
38 161 801
37 167 796
37 167 796
36 161 803
36 160 804
36 165 799
36 162 802
36 163 801
36 163 801
36 161 803
36 160 804
36 151 813
36 152 812
35 154 811
35 148 817
34 144 822
34 143 823
34 141 825
34 140 826
34 150 816
34 149 817
34 150 816
34 151 815
34 148 818
33 148 819
33 145 822
33 148 819
32 153 815
31 158 811
31 160 809
30 165 805
29 170 801
29 176 795
29 188 783
29 183 788
29 181 790
28 176 796
28 180 792
28 183 789
28 188 784
28 199 773
27 201 772
26 197 777
26 191 783
26 198 776
25 195 780
23 198 779
23 209 768
23 199 778
23 200 777
22 202 776
22 215 763
22 213 765
21 209 770
21 217 762
21 211 768
20 211 769
20 211 769
20 220 760
20 219 761
19 213 768
19 210 771
19 202 779
18 205 777
18 212 770
18 212 770
18 203 779
18 199 783
18 197 785
18 195 787
18 189 793
18 188 794
16 184 800
16 180 804
16 178 806
15 191 794
15 198 787
15 197 788
15 189 796
15 187 798
15 185 800
15 184 801
15 185 800
13 192 795
13 201 786
12 197 791
12 197 791
12 200 788
12 198 790
12 201 787
12 193 795
12 187 801
12 186 802
12 190 798
12 191 797
12 189 799
12 189 799
12 188 800
12 189 799
12 181 807
11 185 804
11 181 808
11 176 813
11 169 820
10 173 817
10 179 811
10 176 814
10 170 820
10 168 822
10 171 819
10 176 814
10 175 815
10 171 819
9 170 821
9 168 823
9 167 824
9 169 822
9 170 821
9 167 824
9 163 828
9 159 832
9 153 838
9 161 830
9 161 830
9 156 835
9 156 835
9 156 835
9 159 832
9 162 829
9 163 828
9 166 825
9 167 824
9 165 826
9 166 825
9 170 821
9 168 823
9 171 820
8 168 824
8 161 831
8 163 829
8 160 832
8 162 830
8 164 828
8 164 828
8 161 831
8 162 830
8 163 829
8 168 824
8 176 816
8 179 813
8 176 816
8 182 810
8 181 811
8 182 810
8 189 803
8 192 800
8 194 798
8 191 801
8 191 801
8 193 799
8 195 797
8 189 803
8 191 801
8 198 794
7 196 797
7 193 800
7 195 798
7 200 793
7 197 796
6 201 793
6 199 795
6 202 792
6 202 792
6 200 794
6 202 792
6 193 801
6 194 800
6 192 802
6 195 799
6 191 803
6 190 804
6 189 805
6 184 810
6 183 811
5 185 810
5 183 812
5 187 808
5 179 816
5 181 814
5 177 818
5 179 816
5 184 811
5 183 812
5 180 815
5 176 819
5 170 825
5 169 826
5 168 827
5 163 832
5 162 833
5 158 837
5 155 840
5 156 839
5 158 837
5 156 839
5 153 842
5 156 839
5 154 841
5 158 837
5 163 832
5 159 836
5 165 830
5 169 826
5 168 827
5 176 819
5 172 823
5 172 823
5 163 832
5 171 824
5 170 825
5 174 821
5 173 822
5 171 824
5 175 820
5 173 822
5 175 820
4 172 824
4 172 824
4 177 819
4 174 822
4 183 813
4 177 819
4 179 817
4 173 823
4 175 821
4 182 814
4 180 816
4 187 809
4 185 811
4 186 810
4 183 813
3 184 813
3 194 803
3 196 801
3 206 791
2 208 790
2 208 790
2 202 796
2 204 794
2 206 792
2 193 805
2 195 803
2 195 803
2 199 799
2 195 803
2 197 801
2 198 800
2 202 796
2 198 800
2 190 808
2 187 811
2 185 813
2 179 819
2 179 819
2 180 818
2 186 812
2 184 814
2 178 820
2 172 826
2 176 822
2 180 818
2 172 826
2 168 830
2 161 837
2 159 839
2 152 846
2 152 846
2 151 847
2 160 838
2 166 832
2 160 838
2 167 831
2 175 823
2 181 817
2 179 819
2 169 829
2 176 822
2 187 811
2 187 811
2 189 809
2 195 803
2 197 801
2 194 804
2 197 801
2 195 803
2 193 805
2 188 810
2 181 817
2 171 827
2 174 824
2 177 821
2 177 821
2 183 815
2 174 824
2 180 818
2 180 818
2 188 810
2 190 808
2 202 796
2 207 791
2 207 791
2 212 786
2 219 779
2 233 765
2 241 757
2 234 764
2 228 770
2 220 778
1 222 777
1 224 775
1 222 777
1 215 784
1 212 787
1 210 789
1 208 791
1 210 789
1 209 790
1 208 791
1 199 800
1 193 806
1 207 792
1 213 786
1 216 783
1 216 783
1 217 782
1 213 786
1 213 786
1 218 781
1 219 780
1 220 779
0 214 786
0 213 787
0 213 787
0 208 792
0 212 788
0 204 796
0 198 802
0 197 803
0 199 801
0 210 790
0 202 798
0 207 793
0 209 791
0 208 792
0 213 787
0 204 796
0 201 799
0 196 804
0 200 800
0 205 795
0 205 795
0 207 793
0 207 793
0 200 800
0 192 808
0 191 809
0 191 809
0 184 816
0 191 809
0 191 809
0 188 812
0 188 812
0 195 805
0 186 814
0 188 812
0 182 818
0 183 817
0 185 815
0 180 820
0 187 813
0 186 814
0 186 814
0 187 813
0 192 808
0 192 808
0 188 812
0 192 808
0 191 809
0 194 806
0 195 805
0 191 809
0 193 807
0 186 814
0 185 815
0 184 816
0 179 821
0 179 821
0 179 821
0 177 823
0 174 826
0 166 834
0 164 836
0 167 833
0 168 832
0 162 838
0 159 841
0 162 838
0 162 838
0 155 845
0 165 835
0 160 840
0 156 844
0 159 841
0 159 841
0 152 848
0 156 844
0 158 842
0 153 847
0 148 852
0 148 852
0 148 852
0 148 852
0 154 846
0 155 845
0 152 848
0 156 844
0 161 839
0 164 836
0 156 844
0 161 839
0 163 837
0 164 836
0 163 837
0 173 827
0 176 824
0 171 829
0 174 826
0 171 829
0 166 834
0 166 834
0 167 833
0 171 829
0 165 835
0 160 840
0 163 837
0 166 834
0 174 826
0 179 821
0 177 823
0 174 826
0 174 826
0 170 830
0 187 813
0 191 809
0 192 808
0 196 804
0 201 799
0 204 796
