0 10009730 10000436
1 10010161 10003252
2 10013762 10006941
3 9978015 9995062
4 10011110 9995804
5 10004103 10010160
6 9981322 10002433
7 10006493 10002037
8 10014956 9998295
9 9983047 10004870
10 10012388 9999372
11 10015942 10001190
12 9979810 9997094
13 10010554 10000486
14 10006358 10003640
15 9977407 9997452
16 10005405 10007638
17 10005480 10001387
18 9979551 9993321
19 10009913 10003303
20 10011006 10002254
21 9983160 10004679
22 10011585 10002695
23 10013978 9994753
24 9978464 9998831
25 10011193 9995371
26 10016664 9998047
27 9976368 10002691
28 10009474 9997728
29 10012544 9998363
30 9981476 9996157
31 10011872 10002759
32 10010500 9998293
33 9976093 9997686
34 10008397 9995252
35 10006213 10001270
36 9981639 9998700
37 10009774 9995308
38 10010527 10003826
39 9979847 9994665
40 10005686 9999595
41 10010226 10001825
42 9981436 9999710
43 10007012 9998477
44 10010799 10001255
45 9980198 10002432
46 10010618 10000166
47 10017235 9996280
48 9979485 10000077
49 10010896 10000085
50 10005562 9998096
51 9980642 9999538
52 10012077 9997939
53 10006118 10001398
54 9981138 10000292
55 10008687 9998944
56 10008569 10002271
57 9977820 9998637
58 10006240 9994390
59 10008024 9999661
60 9980238 9992585
61 10007929 10001049
62 10009558 9998779
63 9982810 9998479
64 10010621 9994229
65 10018059 10000789
66 9971707 10003260
67 10011713 10002601
68 10007678 9995742
69 9983568 9996829
70 10014246 10001409
71 10006384 10004036
72 9976877 9996382
73 10011457 10001145
74 10010384 9998671
75 9980368 9998574
76 10012422 9999507
77 10011025 10001183
78 9980384 9996350
79 10008212 9998811
80 10009151 10004062
81 9975514 10002066
82 10005458 10002875
83 10006326 9998423
84 9977713 9999403
85 10006113 9996940
86 10013811 9997760
87 9980429 10000709
88 10012120 10005557
89 10012680 9999157
90 9980575 10002608
91 10010705 9999742
92 10013086 10005526
93 9979850 9999966
94 10013228 9999080
95 10008785 10000290
96 9975676 10002774
97 10013172 10005508
98 10004524 10001381
99 9980695 10001194
